
Un  173 exp3_grain2_KF
ELEM:        S      Au      Cu      Fe   SUM  
  3972  33.604    .061  30.016  34.548  98.229
  3973  33.878    .029  30.028  34.253  98.189
  3974  32.538    .157  29.763  33.296  95.755
  3975  33.805    .017  30.104  34.081  98.007
  3976  32.806    .016  30.084  33.900  96.806
  3977  34.034    .102  30.089  34.086  98.312
  3978  33.827    .009  30.296  34.041  98.173
  3979  33.893    .016  30.240  34.127  98.276
  3980  33.593    .061  30.141  33.954  97.748
  3981  33.463    .058  30.142  33.982  97.645
  3982  33.665    .047  30.194  33.676  97.583
  3983  33.449    .058  30.080  33.628  97.215
  3984  32.842    .040  30.215  33.423  96.520
  3985  33.797    .100  30.205  34.240  98.342
  3986  33.750    .021  30.254  34.086  98.111
  3987  33.760    .026  30.099  33.811  97.697
  3988  33.839    .034  30.081  33.805  97.758
  3989  33.881    .026  30.222  33.653  97.782
  3990  33.422    .040  30.270  33.398  97.130
  3991  33.626    .045  30.095  33.559  97.326
  3992  33.915    .039  30.180  33.575  97.709
  3993  33.708    .029  30.093  33.499  97.329
  3994  33.046    .035  30.156  33.340  96.577
  3995  33.884    .078  30.109  33.336  97.407
  3996  33.980    .092  29.900  33.285  97.256
  3997  33.853    .080  30.187  33.405  97.525
  3998  33.869    .099  30.136  33.244  97.348
  3999  34.018    .000  30.015  33.466  97.499
  4000  33.081    .067  29.774  32.918  95.840
  4001  34.096    .010  29.993  33.420  97.519
  4002  33.147    .087  29.501  32.700  95.435
  4003  33.998    .108  29.895  33.278  97.278
  4004  33.832    .067  29.873  33.111  96.883
  4005  34.174    .033  30.039  33.180  97.426
  4006  33.736    .131  29.845  33.311  97.023
  4007  33.638    .147  29.907  33.242  96.933
  4008  34.228    .034  30.170  33.325  97.758
  4009  31.434    .022  28.469  32.931  92.856
  4010  33.913    .069  30.095  33.421  97.498
  4011  33.968    .017  30.128  33.549  97.663
  4012  33.532    .041  30.165  33.569  97.307
  4013  32.843    .033  30.153  33.188  96.217
  4014  33.602    .007  30.215  33.512  97.335
  4015  33.396    .050  30.285  33.517  97.248
  4016  33.805    .067  30.260  33.594  97.726
  4017  33.769    .102  30.078  33.497  97.446
  4018  33.933    .015  30.184  33.753  97.885
  4019  34.110    .105  30.072  33.788  98.074
  4020  34.141    .030  30.050  33.604  97.825
  4021  34.210    .022  30.142  33.596  97.971 
  4022  34.039    .053  30.109  33.721  97.922
  4023  33.994    .078  30.158  33.300  97.530
  4024  34.049    .046  30.252  33.606  97.953
  4025  31.477    .046  29.753  32.826  94.102
  4026  32.901    .076  29.977  32.931  95.886
  4027  33.813    .058  30.154  33.215  97.240
  4028  33.737    .063  30.068  33.218  97.085
  4029  32.433    .138  29.571  32.633  94.776
  4030  33.882    .097  30.158  33.355  97.493
  4031  33.813    .139  30.125  33.150  97.226
  4032  33.871    .064  30.122  33.103  97.160
  4033  33.842    .026  30.054  33.292  97.214
  4034  34.056    .066  29.946  33.040  97.109
  4035  33.928    .087  30.008  32.979  97.001
  4036  33.926    .097  30.122  32.948  97.093
  4037  33.823    .124  29.893  33.121  96.961
  4038  33.872    .000  30.036  33.070  96.977
  4039  33.744    .017  30.171  33.167  97.100
  4040  33.610    .087  30.270  33.029  96.995
  4041  33.912    .075  30.212  33.302  97.501
  4042  33.921    .115  30.138  33.450  97.624
  4043  33.834    .072  29.990  33.481  97.378
  4044  33.774    .032  30.238  33.505  97.548
  4045  34.005    .012  30.208  33.511  97.736
  4046  33.828    .107  30.200  33.698  97.833
  4047  33.956    .094  30.336  33.820  98.205
  4048  33.965    .108  30.066  33.716  97.855
  4049  33.793    .003  30.254  33.556  97.606
  4050  33.852    .095  30.241  33.735  97.923
  4051  33.916    .096  30.160  33.729  97.901
  4052  33.906    .028  30.154  33.595  97.684
  4053  33.908    .070  30.089  33.631  97.699
  4054  33.806    .005  30.269  33.465  97.546
  4055  33.436    .063  30.043  33.364  96.905
  4056  33.877    .090  30.000  33.531  97.497
  4057  33.846    .080  30.112  33.368  97.406
  4058  34.081    .066  29.925  33.329  97.401
  4059  33.900    .070  30.125  33.172  97.268
  4060  33.882    .084  30.191  33.178  97.336
  4061  33.571    .095  30.157  32.903  96.726
  4062  33.423    .066  30.088  32.947  96.524
  4063  33.820    .048  30.163  32.949  96.981
  4064  33.920    .025  30.203  32.920  97.068
  4065  34.046    .084  30.103  33.058  97.291
  4066  33.967    .031  30.141  32.988  97.127
  4067  34.003    .020  29.952  32.789  96.764
  4068  34.264    .117  29.829  33.030  97.240
  4069  34.126    .073  30.022  32.975  97.196
  4070  34.199    .009  30.221  32.983  97.412
  4071  33.140    .039  29.877  32.818  95.875
  4072  33.918    .056  30.140  33.133  97.247
  4073  33.934    .081  30.119  32.976  97.110
  4074  33.973    .058  30.142  33.363  97.536
  4075  33.851    .043  30.222  33.351  97.466
  4076  33.616    .044  30.290  33.353  97.303
  4077  33.269    .072  30.192  33.134  96.666
  4078  33.450    .056  30.487  33.094  97.087
  4079  33.719    .050  30.213  33.669  97.650
  4080  33.900    .073  30.257  33.484  97.713
  4081  33.866    .058  30.155  33.576  97.655
  4082  33.970    .025  30.100  33.828  97.923
  4083  33.835    .082  30.030  33.683  97.630
  4084  33.988    .048  30.053  33.493  97.582
  4085  33.954    .072  30.182  33.485  97.693
  4086  33.835    .058  30.133  33.423  97.450
  4087  33.736    .088  30.275  33.364  97.463
  4088  33.984    .043  30.136  33.334  97.497
  4089  33.780    .085  30.093  33.372  97.330
  4090  33.078    .094  30.292  32.798  96.261
  4091  33.031    .050  30.224  32.734  96.038
  4092  33.112    .046  30.064  32.835  96.057
  4093  33.921    .066  30.132  32.954  97.074
  4094  33.858    .052  30.127  33.001  97.039
  4095  33.933    .017  30.056  32.866  96.872
  4096  33.794    .044  30.043  32.958  96.839
  4097  33.365    .227  29.849  32.681  96.122
  4098  34.074    .035  30.159  32.764  97.031
  4099  33.460    .060  30.056  32.497  96.073
  4100  34.074    .030  30.005  32.965  97.075
  4101  33.936    .000  30.173  32.840  96.948
  4102  33.937    .079  30.080  32.719  96.816
  4103  33.961    .000  30.108  32.998  97.066
  4104  34.080    .000  30.210  33.110  97.400
  4105  33.786    .080  30.167  32.904  96.937
  4106  33.600    .032  30.224  33.166  97.022
  4107  33.756    .109  30.229  33.232  97.326
  4108  33.928    .023  30.181  33.623  97.754
  4109  33.832    .053  30.303  33.472  97.660
  4110  33.855    .032  30.254  33.361  97.502
  4111  32.746    .126  29.680  32.600  95.152
  4112  32.067    .300  29.905  32.341  94.613
  4113  33.806    .043  30.048  33.555  97.452
  4114  33.957    .073  30.182  33.659  97.871
  4115  33.689    .048  30.080  33.428  97.246
  4116  34.188    .116  30.028  33.578  97.910
  4117  34.047    .000  30.152  33.383  97.582
  4118  33.916    .108  30.131  33.302  97.457
  4119  33.997    .064  30.076  33.256  97.393
  4120  34.026    .050  30.137  33.049  97.261
  4121  33.962    .062  30.289  33.079  97.392
  4122  34.043    .073  30.250  33.038  97.404
  4123  34.029    .040  30.195  33.134  97.398
  4124  34.014    .028  30.272  33.015  97.329
  4125  33.925    .074  30.183  32.903  97.086
  4126  33.644    .002  30.062  32.491  96.200
  4127  34.023    .051  30.206  32.756  97.036
  4128  34.061    .064  30.255  32.657  97.037
  4129  33.810    .132  30.082  32.579  96.603
  4130  33.926    .073  30.128  32.684  96.812
  4131  34.076    .079  30.098  32.761  97.015
  4132  34.180    .016  30.130  32.716  97.042
  4133  34.072    .059  30.222  32.691  97.044
  4134  33.940    .071  30.164  32.750  96.924
  4135  33.683    .102  30.229  32.656  96.670
  4136  33.787    .063  30.260  32.918  97.028
  4137  33.457    .090  30.403  33.756  97.706
  4138  33.535    .033  30.234  33.904  97.707
  4139  33.472    .047  30.195  33.991  97.705
  4140  33.662    .010  30.326  33.901  97.900
  4141  33.551    .040  30.257  34.250  98.097
  4142  32.852    .085  30.281  33.573  96.791
  4143  33.718    .017  30.276  34.194  98.205
  4144  33.667    .065  30.255  34.267  98.254
  4145  33.630    .043  30.237  34.129  98.039
  4146  33.791    .052  30.171  34.136  98.150
  4147  33.604    .073  30.197  34.047  97.921


