-0.1937,-0,0.907
-0.19211,-0.0015877,0.907
-0.19254,-0.007956,0.909
-0.19254,-0.0047736,0.909
-0.19254,-0.0063648,0.909
-0.19572,-0,0.909
-0.19413,-0.0015912,0.909
-0.19254,-0.0031824,0.909
-0.19094,-0.0095472,0.909
-0.19094,-0.0063648,0.909
-0.19094,-0.007956,0.909
-0.19052,-0.0047631,0.907
-0.19052,-0.0031754,0.907
-0.18989,-0.0015824,0.904
-0.19148,-0,0.904
-0.19455,-0.0079735,0.911
-0.19615,-0.0015947,0.911
-0.19455,-0.0063788,0.911
-0.19615,-0.0047841,0.911
-0.18977,-0.0079735,0.911
-0.19455,-0.0047841,0.911
-0.19615,-0.0031894,0.911
-0.19774,-0,0.911
-0.19455,-0.0031894,0.911
-0.19296,-0.0095682,0.911
-0.18977,-0.0063788,0.911
-0.19679,-0.0079998,0.914
-0.19519,-0.0095997,0.914
-0.19039,-0.0095997,0.914
-0.19359,-0.0112,0.914
-0.19199,-0.0112,0.914
-0.19039,-0.025599,0.914
-0.20159,-0,0.914
-0.19999,-0,0.914
-0.19679,-0.0063998,0.914
-0.19839,-0.0031999,0.914
-0.19839,-0.0015999,0.914
-0.2027,-0.0096522,0.919
-0.20109,-0.011261,0.919
-0.20109,-0.0096522,0.919
-0.19787,-0.01287,0.919
-0.19948,-0.01287,0.919
-0.19948,-0.011261,0.919
-0.19948,-0.0096522,0.919
-0.19787,-0.011261,0.919
-0.19883,-0.0080173,0.916
-0.19883,-0.0064138,0.916
-0.2027,-0.0080435,0.919
-0.20431,-0.0080435,0.919
-0.20109,-0.0080435,0.919
-0.20109,-0.0064348,0.919
-0.20431,-0.0064348,0.919
-0.2027,-0.0064348,0.919
-0.20364,-0.0016034,0.916
-0.20364,-0,0.916
-0.20752,-0,0.919
-0.20591,-0,0.919
-0.20591,-0.0032174,0.919
-0.20591,-0.0016087,0.919
-0.20431,-0.0048261,0.919
-0.20431,-0.0032174,0.919
-0.20043,-0.0048103,0.916
-0.19883,-0.0048103,0.916
-0.20204,-0.0016034,0.916
-0.20204,-0.0032069,0.916
-0.20043,-0.0032069,0.916
-0.20043,-0.0016034,0.916
-0.2027,-0.0048261,0.919
-0.19241,-0.025655,0.916
-0.19402,-0.012828,0.916
-0.19081,-0.020845,0.916
-0.19081,-0.011224,0.916
-0.19081,-0.022448,0.916
-0.19241,-0.012828,0.916
-0.19723,-0.0096207,0.916
-0.19562,-0.011224,0.916
-0.19081,-0.024052,0.916
-0.19465,-0.024131,0.919
-0.19626,-0.024131,0.919
-0.19465,-0.020913,0.919
-0.19305,-0.022522,0.919
-0.19305,-0.019304,0.919
-0.19305,-0.020913,0.919
-0.19144,-0.019304,0.919
-0.19305,-0.017696,0.919
-0.19144,-0.016087,0.919
-0.19144,-0.014478,0.919
-0.19465,-0.014478,0.919
-0.19626,-0.014478,0.919
-0.19144,-0.01287,0.919
-0.19626,-0.025739,0.919
-0.19465,-0.022522,0.919
-0.19465,-0.025739,0.919
-0.19626,-0.020913,0.919
-0.19626,-0.022522,0.919
-0.19465,-0.017696,0.919
-0.19465,-0.019304,0.919
-0.19626,-0.016087,0.919
-0.19626,-0.01287,0.919
-0.19465,-0.016087,0.919
-0.19305,-0.024131,0.919
-0.19144,-0.017696,0.919
-0.19305,-0.016087,0.919
-0.19305,-0.014478,0.919
-0.19991,-0.020959,0.921
-0.1983,-0.022571,0.921
-0.1983,-0.020959,0.921
-0.1983,-0.019347,0.921
-0.19669,-0.019347,0.921
-0.19991,-0.019347,0.921
-0.20153,-0.017734,0.921
-0.19991,-0.017734,0.921
-0.1983,-0.017734,0.921
-0.19669,-0.017734,0.921
-0.19991,-0.016122,0.921
-0.1983,-0.016122,0.921
-0.20153,-0.016122,0.921
-0.1983,-0.01451,0.921
-0.20475,-0.012898,0.921
-0.20314,-0.012898,0.921
-0.20153,-0.01451,0.921
-0.20153,-0.012898,0.921
-0.19991,-0.01451,0.921
-0.20681,-0.014541,0.923
-0.20681,-0.012926,0.923
-0.2052,-0.014541,0.923
-0.20358,-0.016157,0.923
-0.20358,-0.014541,0.923
-0.2258,-0.011371,0.928
-0.21443,-0.011371,0.928
-0.22742,-0.011371,0.928
-0.2128,-0.011371,0.928
-0.22418,-0.011371,0.928
-0.22327,-0.011408,0.931
-0.21838,-0.011408,0.931
-0.22001,-0.011408,0.931
-0.22164,-0.011408,0.931
-0.21004,-0.01131,0.923
-0.20843,-0.01131,0.923
-0.20636,-0.011285,0.921
-0.20475,-0.011285,0.921
-0.20314,-0.011285,0.921
-0.2258,-0.0097468,0.928
-0.22742,-0.0097468,0.928
-0.22418,-0.0097468,0.928
-0.22255,-0.0097468,0.928
-0.21443,-0.0097468,0.928
-0.21605,-0.0097468,0.928
-0.2128,-0.0097468,0.928
-0.23142,-0.0097783,0.931
-0.22164,-0.0097783,0.931
-0.21838,-0.0097783,0.931
-0.22979,-0.0097783,0.931
-0.23305,-0.0097783,0.931
-0.22001,-0.0097783,0.931
-0.20475,-0.0096733,0.921
-0.20636,-0.0096733,0.921
-0.21004,-0.0096943,0.923
-0.20843,-0.0096943,0.923
-0.22164,-0.0081485,0.931
-0.22816,-0.0081485,0.931
-0.22001,-0.0081485,0.931
-0.22653,-0.0081485,0.931
-0.23142,-0.0081485,0.931
-0.2249,-0.0081485,0.931
-0.23305,-0.0081485,0.931
-0.22979,-0.0081485,0.931
-0.22327,-0.0081485,0.931
-0.21768,-0.0081223,0.928
-0.2128,-0.0081223,0.928
-0.21443,-0.0081223,0.928
-0.21605,-0.0081223,0.928
-0.21004,-0.0080785,0.923
-0.20636,-0.008061,0.921
-0.20798,-0.008061,0.921
-0.21883,-0,0.926
-0.21721,-0.0016209,0.926
-0.21559,-0.0032419,0.926
-0.21721,-0,0.926
-0.21559,-0.0016209,0.926
-0.21327,-0.0016157,0.923
-0.21489,-0,0.923
-0.21327,-0,0.923
-0.21397,-0.0032419,0.926
-0.21235,-0.0048629,0.926
-0.21004,-0.0064628,0.923
-0.20636,-0.0064488,0.921
-0.20798,-0.0064488,0.921
-0.21004,-0.0048471,0.923
-0.20798,-0.0048366,0.921
-0.20636,-0.0048366,0.921
-0.21166,-0.0032314,0.923
-0.20959,-0.0032244,0.921
-0.20798,-0.0032244,0.921
-0.21166,-0.0016157,0.923
-0.2112,-0,0.921
-0.20959,-0.0016122,0.921
-0.20959,-0,0.921
-0.20798,-0.0016122,0.921
-0.23305,-0.0065188,0.931
-0.23142,-0.0065188,0.931
-0.22979,-0.0065188,0.931
-0.22816,-0.0065188,0.931
-0.22653,-0.0065188,0.931
-0.2249,-0.0065188,0.931
-0.22327,-0.0065188,0.931
-0.22164,-0.0065188,0.931
-0.21768,-0.0064978,0.928
-0.21443,-0.0064978,0.928
-0.21605,-0.0064978,0.928
-0.2128,-0.0064978,0.928
-0.2193,-0.0064978,0.928
-0.23142,-0.0048891,0.931
-0.22979,-0.0048891,0.931
-0.22816,-0.0048891,0.931
-0.22653,-0.0048891,0.931
-0.22418,-0.0048734,0.928
-0.22093,-0.0048734,0.928
-0.21443,-0.0048734,0.928
-0.21605,-0.0048734,0.928
-0.22255,-0.0048734,0.928
-0.2193,-0.0048734,0.928
-0.21768,-0.0048734,0.928
-0.22418,-0.0032489,0.928
-0.22093,-0.0032489,0.928
-0.22255,-0.0032489,0.928
-0.2258,-0.0032489,0.928
-0.2193,-0.0032489,0.928
-0.21768,-0.0032489,0.928
-0.22742,-0.0016244,0.928
-0.2258,-0.0016244,0.928
-0.22418,-0.0016244,0.928
-0.22093,-0.0016244,0.928
-0.2193,-0.0016244,0.928
-0.22255,-0.0016244,0.928
-0.22742,-0,0.928
-0.2258,-0,0.928
-0.22418,-0,0.928
-0.22255,-0,0.928
-0.22093,-0,0.928
-0.22979,-0.0032594,0.931
-0.22979,-0.0016297,0.931
-0.22816,-0.0032594,0.931
-0.22979,-0,0.931
-0.17704,-0.0235,0.895
-0.18158,-0.023684,0.902
-0.17488,-0.023422,0.892
-0.17293,-0.023369,0.89
-0.17488,-0.02186,0.892
-0.17644,-0.02186,0.892
-0.17254,-0.021762,0.888
-0.178,-0.020299,0.892
-0.17644,-0.020299,0.892
-0.17488,-0.020299,0.892
-0.17547,-0.0188,0.895
-0.17783,-0.018884,0.899
-0.17882,-0.017407,0.904
-0.17625,-0.017311,0.899
-0.18658,-0.025515,0.911
-0.18818,-0.025515,0.911
-0.18458,-0.025459,0.909
-0.18499,-0.023921,0.911
-0.18499,-0.019136,0.911
-0.18499,-0.022326,0.911
-0.18499,-0.020731,0.911
-0.18339,-0.017542,0.911
-0.18339,-0.022326,0.911
-0.18339,-0.019136,0.911
-0.18299,-0.025459,0.909
-0.18299,-0.020686,0.909
-0.181,-0.019052,0.907
-0.1818,-0.022326,0.911
-0.1814,-0.017503,0.909
-0.18879,-0.023999,0.914
-0.1872,-0.023999,0.914
-0.1872,-0.022399,0.914
-0.18879,-0.022399,0.914
-0.1872,-0.020799,0.914
-0.18879,-0.020799,0.914
-0.1872,-0.019199,0.914
-0.18921,-0.019241,0.916
-0.18921,-0.017638,0.916
-0.1872,-0.0176,0.914
-0.1856,-0.0176,0.914
-0.18921,-0.016035,0.916
-0.18921,-0.014431,0.916
-0.18921,-0.012828,0.916
-0.18879,-0.0112,0.914
-0.18879,-0.0095997,0.914
-0.18658,-0.012758,0.911
-0.18658,-0.011163,0.911
-0.18617,-0.0095472,0.909
-0.1872,-0.016,0.914
-0.1872,-0.0144,0.914
-0.1856,-0.0144,0.914
-0.1856,-0.016,0.914
-0.18499,-0.012758,0.911
-0.18458,-0.011138,0.909
-0.18458,-0.0095472,0.909
-0.18339,-0.014352,0.911
-0.18339,-0.015947,0.911
-0.18259,-0.011114,0.907
-0.18259,-0.0095262,0.907
-0.18299,-0.01273,0.909
-0.17723,-0.015825,0.904
-0.17684,-0.014211,0.902
-0.17684,-0.012632,0.902
-0.17941,-0.015877,0.907
-0.17941,-0.012702,0.907
-0.17941,-0.014289,0.907
-0.1818,-0.015947,0.911
-0.1814,-0.014321,0.909
-0.1814,-0.01273,0.909
-0.17684,-0.011053,0.902
-0.17468,-0.011016,0.899
-0.17526,-0.0094737,0.902
-0.17211,-0.0094737,0.902
-0.17684,-0.0094737,0.902
-0.17368,-0.0094737,0.902
-0.181,-0.0095262,0.907
-0.181,-0.011114,0.907
-0.17882,-0.0094947,0.904
-0.17882,-0.011077,0.904
-0.18735,-0.0063508,0.907
-0.18735,-0.0047631,0.907
-0.18894,-0.0031754,0.907
-0.18673,-0.0031649,0.904
-0.18935,-0.0047736,0.909
-0.18776,-0.007956,0.909
-0.18412,-0.0031474,0.899
-0.18474,-0.0078947,0.902
-0.18474,-0.0063158,0.902
-0.18474,-0.0047368,0.902
-0.18214,-0.007851,0.897
-0.17743,-0.0062808,0.897
-0.18057,-0.0062808,0.897
-0.18174,-0.0062668,0.895
-0.1786,-0.0062668,0.895
-0.18,-0.0078947,0.902
-0.18158,-0.0078947,0.902
-0.17842,-0.0078947,0.902
-0.17684,-0.0078947,0.902
-0.17625,-0.0062948,0.899
-0.18174,-0.0047001,0.895
-0.18174,-0.0031334,0.895
-0.18057,-0.0047106,0.897
-0.18017,-0.0031334,0.895
-0.17743,-0.0047106,0.897
-0.179,-0.0047106,0.897
-0.17704,-0.0031334,0.895
-0.1786,-0.0031334,0.895
-0.1739,-0.0031334,0.895
-0.17468,-0.0062948,0.899
-0.17429,-0.0047106,0.897
-0.17586,-0.0047106,0.897
-0.17311,-0.0062948,0.899
-0.17311,-0.0047211,0.899
-0.17153,-0.0047211,0.899
-0.17586,-0.0031404,0.897
-0.17272,-0.0031404,0.897
-0.17115,-0.0031404,0.897
-0.17368,-0.0078947,0.902
-0.17526,-0.0078947,0.902
-0.17211,-0.0063158,0.902
-0.17053,-0.0063158,0.902
-0.17053,-0.0078947,0.902
-0.17211,-0.0078947,0.902
-0.18831,-0.0015824,0.904
-0.18632,-0.0015789,0.902
-0.18412,-0.0015737,0.899
-0.178,-0.0015614,0.892
-0.17644,-0.0015614,0.892
-0.18174,-0.0015667,0.895
-0.18017,-0.0015667,0.895
-0.17077,-0.0015667,0.895
-0.17547,-0.0015667,0.895
-0.17234,-0.0015667,0.895
-0.1739,-0.0015667,0.895
-0.17644,-0,0.892
-0.18174,-0,0.895
-0.178,-0,0.892
-0.18017,-0,0.895
-0.1857,-0,0.899
-0.18371,-0,0.897
-0.1879,-0,0.902
-0.18947,-0,0.902
-0.1702,-0,0.892
-0.17176,-0,0.892
-0.17488,-0,0.892
-0.17332,-0,0.892
-0.1741,0.0046634,0.888
-0.17371,0.0062038,0.886
-0.17721,0.0077722,0.888
-0.17565,0.0077722,0.888
-0.17371,0.0077547,0.886
-0.17215,0.0062038,0.886
-0.1706,0.0062038,0.886
-0.17157,0.0077285,0.883
-0.17254,0.0031089,0.888
-0.17254,0.0046634,0.888
-0.17099,0.0046634,0.888
-0.17761,0.0062318,0.89
-0.17916,0.0077897,0.89
-0.18072,0.0077897,0.89
-0.17761,0.0046739,0.89
-0.17605,0.0046739,0.89
-0.17916,0.0062318,0.89
-0.17605,0.0062318,0.89
-0.17449,0.001558,0.89
-0.17449,0.0031159,0.89
-0.17293,0.001558,0.89
-0.17137,0.001558,0.89
-0.17137,0.0031159,0.89
-0.18425,0.0062458,0.892
-0.18425,0.0078072,0.892
-0.18269,0.0078072,0.892
-0.18269,0.0046844,0.892
-0.18269,0.0062458,0.892
-0.18113,0.0031229,0.892
-0.18113,0.0015615,0.892
-0.18113,0.0062458,0.892
-0.18113,0.0046844,0.892
-0.17957,0.0015615,0.892
-0.17957,0.0031229,0.892
-0.17957,0.0046844,0.892
-0.178,0.0015615,0.892
-0.17644,0.0015615,0.892
-0.17644,0.0031229,0.892
-0.178,0.0031229,0.892
-0.17003,0.0077285,0.883
-0.17312,0.0092742,0.883
-0.17157,0.0092742,0.883
-0.17003,0.0092742,0.883
-0.17876,0.0093267,0.888
-0.17721,0.0093267,0.888
-0.17526,0.0093057,0.886
-0.18425,0.0093687,0.892
-0.18581,0.0093687,0.892
-0.18072,0.0093477,0.89
-0.18228,0.0093477,0.89
-0.17273,0.010795,0.881
-0.17118,0.010795,0.881
-0.17273,0.012338,0.881
-0.17118,0.012338,0.881
-0.17466,0.01082,0.883
-0.17876,0.010881,0.888
-0.17681,0.010857,0.886
-0.18072,0.010906,0.89
-0.18228,0.010906,0.89
-0.18581,0.01093,0.892
-0.18425,0.01093,0.892
-0.17836,0.012408,0.886
-0.17681,0.012408,0.886
-0.17466,0.012366,0.883
-0.18384,0.012464,0.89
-0.18228,0.012464,0.89
-0.18072,0.012464,0.89
-0.18737,0.012492,0.892
-0.18581,0.012492,0.892
-0.17273,0.01388,0.881
-0.17466,0.013911,0.883
-0.17621,0.013911,0.883
-0.17836,0.013958,0.886
-0.18187,0.01399,0.888
-0.18032,0.01399,0.888
-0.18384,0.014022,0.89
-0.18581,0.014053,0.892
-0.17118,0.01388,0.881
-0.17273,0.015422,0.881
-0.17621,0.015457,0.883
-0.17466,0.015457,0.883
-0.18384,0.015579,0.89
-0.18187,0.015544,0.888
-0.17836,0.015509,0.886
-0.18032,0.015544,0.888
-0.17118,0.015422,0.881
-0.21974,0.0016157,0.923
-0.22207,0.001621,0.926
-0.2258,0.0016245,0.928
-0.22418,0.0016245,0.928
-0.22742,0.0016245,0.928
-0.22979,0.0016297,0.931
-0.21442,0.0016122,0.921
-0.20913,0.0016087,0.919
-0.20752,0.0016087,0.919
-0.21281,0.0016122,0.921
-0.2112,0.0016122,0.921
-0.21812,0.0016157,0.923
-0.21651,0.0016157,0.923
-0.22207,0.003242,0.926
-0.22369,0.003242,0.926
-0.21974,0.0032315,0.923
-0.22905,0.003249,0.928
-0.22742,0.003249,0.928
-0.2258,0.003249,0.928
-0.21074,0.0032175,0.919
-0.20913,0.0032175,0.919
-0.20752,0.0032175,0.919
-0.21281,0.0032245,0.921
-0.21604,0.0032245,0.921
-0.21442,0.0032245,0.921
-0.21812,0.0032315,0.923
-0.18727,0.0015737,0.899
-0.1857,0.0015737,0.899
-0.18371,0.0015702,0.897
-0.19105,0.001579,0.902
-0.18947,0.001579,0.902
-0.19306,0.0015825,0.904
-0.19688,0.0015877,0.907
-0.19529,0.0015877,0.907
-0.20049,0.0015912,0.909
-0.1989,0.0015912,0.909
-0.20253,0.0015947,0.911
-0.20524,0.0016035,0.916
-0.1833,0.0031334,0.895
-0.18528,0.0031404,0.897
-0.18685,0.0031404,0.897
-0.18884,0.0031474,0.899
-0.19105,0.0031579,0.902
-0.20005,0.0031754,0.907
-0.19846,0.0031754,0.907
-0.19306,0.0031649,0.904
-0.19622,0.0031649,0.904
-0.19464,0.0031649,0.904
-0.20253,0.0031895,0.911
-0.20479,0.0032,0.914
-0.21926,0.0048367,0.921
-0.21765,0.0048367,0.921
-0.22297,0.0048472,0.923
-0.22135,0.0048472,0.923
-0.22782,0.0064629,0.923
-0.22531,0.0048629,0.926
-0.22693,0.0048629,0.926
-0.23142,0.0065189,0.931
-0.21442,0.0048367,0.921
-0.21604,0.0048367,0.921
-0.21235,0.0048261,0.919
-0.20913,0.0048261,0.919
-0.21074,0.0048261,0.919
-0.20752,0.0048261,0.919
-0.21557,0.0064349,0.919
-0.21396,0.0064349,0.919
-0.21235,0.0064349,0.919
-0.20572,0.0063789,0.911
-0.21005,0.0064139,0.916
-0.20913,0.0064349,0.919
-0.19042,0.0047211,0.899
-0.19579,0.0047369,0.902
-0.18884,0.0047211,0.899
-0.18644,0.0047001,0.895
-0.18487,0.0047001,0.895
-0.19421,0.0047369,0.902
-0.19263,0.0047369,0.902
-0.19939,0.0047474,0.904
-0.19781,0.0047474,0.904
-0.20412,0.0047841,0.911
-0.20208,0.0047736,0.909
-0.19579,0.0063158,0.902
-0.19737,0.0063158,0.902
-0.19939,0.0063298,0.904
-0.20164,0.0063509,0.907
-0.20367,0.0063649,0.909
-0.19357,0.0062948,0.899
-0.19199,0.0062948,0.899
-0.19042,0.0062948,0.899
-0.18842,0.0062808,0.897
-0.18644,0.0062668,0.895
-0.18644,0.0078335,0.895
-0.188,0.0078335,0.895
-0.18999,0.007851,0.897
-0.19737,0.0078948,0.902
-0.19579,0.0078948,0.902
-0.19199,0.0078685,0.899
-0.19357,0.0078685,0.899
-0.19313,0.0094212,0.897
-0.19156,0.0094212,0.897
-0.18957,0.0094002,0.895
-0.188,0.0094002,0.895
-0.19671,0.0094422,0.899
-0.19514,0.0094422,0.899
-0.19895,0.0094737,0.902
-0.20731,0.0079735,0.911
-0.20572,0.0079735,0.911
-0.20481,0.0095263,0.907
-0.20891,0.0095683,0.911
-0.20731,0.0095683,0.911
-0.20323,0.0079385,0.907
-0.20164,0.0079385,0.907
-0.20255,0.0094947,0.904
-0.20097,0.0094947,0.904
-0.19939,0.0079123,0.904
-0.22571,0.0096733,0.921
-0.22732,0.0096733,0.921
-0.22782,0.0080786,0.923
-0.2262,0.0080786,0.923
-0.22943,0.0096943,0.923
-0.2241,0.0080611,0.921
-0.22361,0.0096523,0.919
-0.22249,0.0080611,0.921
-0.222,0.0096523,0.919
-0.23518,0.0097993,0.933
-0.23355,0.0081661,0.933
-0.23305,0.0097783,0.931
-0.23142,0.0081486,0.931
-0.21005,0.0080173,0.916
-0.21279,0.0095998,0.914
-0.21119,0.0095998,0.914
-0.21647,0.0096208,0.916
-0.21486,0.0096208,0.916
-0.21878,0.0080436,0.919
-0.22039,0.0096523,0.919
-0.21878,0.0096523,0.919
-0.21718,0.0080436,0.919
-0.21396,0.0080436,0.919
-0.21557,0.0080436,0.919
-0.21235,0.0080436,0.919
-0.22087,0.0080611,0.921
-0.21599,0.0144,0.914
-0.21759,0.0144,0.914
-0.21967,0.012828,0.916
-0.21647,0.012828,0.916
-0.22288,0.014431,0.916
-0.22128,0.014431,0.916
-0.21807,0.011224,0.916
-0.21647,0.011224,0.916
-0.21807,0.012828,0.916
-0.21967,0.014431,0.916
-0.2105,0.011163,0.911
-0.2105,0.012758,0.911
-0.2121,0.012758,0.911
-0.21439,0.0112,0.914
-0.21279,0.0112,0.914
-0.21439,0.0128,0.914
-0.2105,0.014352,0.911
-0.2121,0.014352,0.911
-0.21369,0.014352,0.911
-0.22732,0.011285,0.921
-0.22571,0.011285,0.921
-0.22361,0.011261,0.919
-0.222,0.011261,0.919
-0.22039,0.011261,0.919
-0.22943,0.01131,0.923
-0.23305,0.011408,0.931
-0.23468,0.011408,0.931
-0.2323,0.012996,0.928
-0.22893,0.012898,0.921
-0.22732,0.012898,0.921
-0.23105,0.014541,0.923
-0.22893,0.01451,0.921
-0.22683,0.014478,0.919
-0.22522,0.01287,0.919
-0.22522,0.014478,0.919
-0.22361,0.01287,0.919
-0.222,0.01287,0.919
-0.19514,0.011016,0.899
-0.19671,0.011016,0.899
-0.19671,0.01259,0.899
-0.19514,0.01259,0.899
-0.19671,0.014163,0.899
-0.19514,0.014163,0.899
-0.19313,0.010991,0.897
-0.19313,0.014132,0.897
-0.19313,0.012562,0.897
-0.18957,0.010967,0.895
-0.188,0.010967,0.895
-0.19156,0.010991,0.897
-0.18957,0.012534,0.895
-0.19156,0.012562,0.897
-0.19156,0.014132,0.897
-0.188,0.0141,0.895
-0.18957,0.0141,0.895
-0.20481,0.011114,0.907
-0.20686,0.011138,0.909
-0.20891,0.011163,0.911
-0.20414,0.01266,0.904
-0.20414,0.014242,0.904
-0.20845,0.014321,0.909
-0.20891,0.012758,0.911
-0.20686,0.01273,0.909
-0.20686,0.014321,0.909
-0.20255,0.011077,0.904
-0.20255,0.01266,0.904
-0.20211,0.014211,0.902
-0.20053,0.011053,0.902
-0.19895,0.011053,0.902
-0.20053,0.012632,0.902
-0.19895,0.012632,0.902
-0.19895,0.014211,0.902
-0.20053,0.014211,0.902
-0.17836,0.01706,0.886
-0.17836,0.018611,0.886
-0.18032,0.017099,0.888
-0.18187,0.018653,0.888
-0.18187,0.017099,0.888
-0.18032,0.018653,0.888
-0.17991,0.021713,0.886
-0.17836,0.021713,0.886
-0.17836,0.020162,0.886
-0.18187,0.020208,0.888
-0.18032,0.020208,0.888
-0.18187,0.021762,0.888
-0.17621,0.017003,0.883
-0.17621,0.018548,0.883
-0.17621,0.020094,0.883
-0.17621,0.02164,0.883
-0.17466,0.017003,0.883
-0.17466,0.018548,0.883
-0.17466,0.020094,0.883
-0.17466,0.02164,0.883
-0.17273,0.016964,0.881
-0.17118,0.018506,0.881
-0.17118,0.016964,0.881
-0.17118,0.021591,0.881
-0.17273,0.018506,0.881
-0.17273,0.020048,0.881
-0.17118,0.020048,0.881
-0.17273,0.021591,0.881
-0.18187,0.023317,0.888
-0.17991,0.023264,0.886
-0.17991,0.024815,0.886
-0.17836,0.023264,0.886
-0.17836,0.024815,0.886
-0.17836,0.026366,0.886
-0.17991,0.026366,0.886
-0.18187,0.024871,0.888
-0.18187,0.026426,0.888
-0.17273,0.023133,0.881
-0.17273,0.024675,0.881
-0.17273,0.026217,0.881
-0.17621,0.024731,0.883
-0.17621,0.023185,0.883
-0.17621,0.026277,0.883
-0.17466,0.024731,0.883
-0.17466,0.023185,0.883
-0.17466,0.026277,0.883
-0.17118,0.026217,0.881
-0.17118,0.023133,0.881
-0.17118,0.024675,0.881
-0.21529,0.015947,0.911
-0.21369,0.015947,0.911
-0.21163,0.015912,0.909
-0.21004,0.015912,0.909
-0.20845,0.015912,0.909
-0.21322,0.017503,0.909
-0.21163,0.017503,0.909
-0.21004,0.017503,0.909
-0.21688,0.017542,0.911
-0.21529,0.017542,0.911
-0.21688,0.019136,0.911
-0.22007,0.019136,0.911
-0.21847,0.019136,0.911
-0.22166,0.019136,0.911
-0.21322,0.019094,0.909
-0.20958,0.019052,0.907
-0.21163,0.019094,0.909
-0.21529,0.019136,0.911
-0.22239,0.0176,0.914
-0.22079,0.0176,0.914
-0.22399,0.0192,0.914
-0.22079,0.016,0.914
-0.21759,0.016,0.914
-0.21919,0.016,0.914
-0.21919,0.0176,0.914
-0.22448,0.016035,0.916
-0.22448,0.017638,0.916
-0.22288,0.016035,0.916
-0.22769,0.019242,0.916
-0.22609,0.019242,0.916
-0.22683,0.016087,0.919
-0.22893,0.016122,0.921
-0.23055,0.016122,0.921
-0.23266,0.016157,0.923
-0.23377,0.019347,0.921
-0.23216,0.017734,0.921
-0.23216,0.019347,0.921
-0.23005,0.017696,0.919
-0.22844,0.017696,0.919
-0.22683,0.017696,0.919
-0.23005,0.019305,0.919
-0.20211,0.01579,0.902
-0.20414,0.015825,0.904
-0.2064,0.015877,0.907
-0.19671,0.015737,0.899
-0.19829,0.015737,0.899
-0.20053,0.01579,0.902
-0.18957,0.015667,0.895
-0.18737,0.015614,0.892
-0.18581,0.015614,0.892
-0.19156,0.015702,0.897
-0.19313,0.015702,0.897
-0.19514,0.015737,0.899
-0.18957,0.017234,0.895
-0.19114,0.017234,0.895
-0.18737,0.017176,0.892
-0.18581,0.017176,0.892
-0.18384,0.017137,0.89
-0.19313,0.017272,0.897
-0.1947,0.017272,0.897
-0.19829,0.017311,0.899
-0.19671,0.017311,0.899
-0.1854,0.018695,0.89
-0.18384,0.018695,0.89
-0.18894,0.018737,0.892
-0.18737,0.018737,0.892
-0.1927,0.0188,0.895
-0.19114,0.0188,0.895
-0.1947,0.018842,0.897
-0.19627,0.018842,0.897
-0.20368,0.017368,0.902
-0.20053,0.017368,0.902
-0.20211,0.017368,0.902
-0.20526,0.018947,0.902
-0.20368,0.018947,0.902
-0.20211,0.018947,0.902
-0.19986,0.018884,0.899
-0.19829,0.018884,0.899
-0.2073,0.018989,0.904
-0.20799,0.017465,0.907
-0.20572,0.017407,0.904
-0.22007,0.020731,0.911
-0.21847,0.020731,0.911
-0.22166,0.020731,0.911
-0.21688,0.020731,0.911
-0.22559,0.020799,0.914
-0.22399,0.020799,0.914
-0.22929,0.020845,0.916
-0.22769,0.020845,0.916
-0.23165,0.020913,0.919
-0.24506,0.020959,0.921
-0.23861,0.020959,0.921
-0.23699,0.020959,0.921
-0.23538,0.020959,0.921
-0.24344,0.020959,0.921
-0.23377,0.020959,0.921
-0.2472,0.021004,0.923
-0.24236,0.021004,0.923
-0.24882,0.021004,0.923
-0.24074,0.021004,0.923
-0.18894,0.020299,0.892
-0.18737,0.020299,0.892
-0.1854,0.020253,0.89
-0.18384,0.020253,0.89
-0.1927,0.020367,0.895
-0.19114,0.020367,0.895
-0.19627,0.020413,0.897
-0.19986,0.020458,0.899
-0.19829,0.020458,0.899
-0.1947,0.020413,0.897
-0.20888,0.020572,0.904
-0.21116,0.02064,0.907
-0.21322,0.020686,0.909
-0.21481,0.020686,0.909
-0.20526,0.020526,0.902
-0.20368,0.020526,0.902
-0.20211,0.020526,0.902
-0.2073,0.020572,0.904
-0.20143,0.022032,0.899
-0.20301,0.022032,0.899
-0.20684,0.022105,0.902
-0.19785,0.021983,0.897
-0.19627,0.021983,0.897
-0.19986,0.022032,0.899
-0.18384,0.021811,0.89
-0.1854,0.021811,0.89
-0.19206,0.02186,0.892
-0.19427,0.021934,0.895
-0.18737,0.02186,0.892
-0.1905,0.02186,0.892
-0.18894,0.02186,0.892
-0.21047,0.022154,0.904
-0.21275,0.022228,0.907
-0.20526,0.022105,0.902
-0.20888,0.022154,0.904
-0.22326,0.022326,0.911
-0.21481,0.022277,0.909
-0.2164,0.022277,0.909
-0.218,0.022277,0.909
-0.22485,0.022326,0.911
-0.22166,0.022326,0.911
-0.22007,0.022326,0.911
-0.22879,0.022399,0.914
-0.22719,0.022399,0.914
-0.18384,0.023369,0.89
-0.1854,0.023369,0.89
-0.19206,0.023422,0.892
-0.18737,0.023422,0.892
-0.19362,0.023422,0.892
-0.1905,0.023422,0.892
-0.18894,0.023422,0.892
-0.25449,0.022694,0.926
-0.25287,0.022694,0.926
-0.25667,0.022743,0.928
-0.23861,0.022571,0.921
-0.24236,0.02262,0.923
-0.24074,0.02262,0.923
-0.23538,0.022571,0.921
-0.23165,0.022522,0.919
-0.23326,0.022522,0.919
-0.1974,0.0235,0.895
-0.19942,0.023553,0.897
-0.20099,0.023553,0.897
-0.20458,0.023605,0.899
-0.20301,0.023605,0.899
-0.20842,0.023684,0.902
-0.20684,0.023684,0.902
-0.21205,0.023737,0.904
-0.21363,0.023737,0.904
-0.21047,0.023737,0.904
-0.21752,0.023816,0.907
-0.21593,0.023816,0.907
-0.22277,0.023868,0.909
-0.22118,0.023868,0.909
-0.21959,0.023868,0.909
-0.22804,0.023921,0.911
-0.22645,0.023921,0.911
-0.22485,0.023921,0.911
-0.2325,0.024052,0.916
-0.2309,0.024052,0.916
-0.19584,0.0235,0.895
-0.24183,0.024183,0.921
-0.24022,0.024183,0.921
-0.24344,0.024183,0.921
-0.24506,0.024183,0.921
-0.23809,0.024131,0.919
-0.23648,0.024131,0.919
-0.23487,0.024131,0.919
-0.25287,0.024314,0.926
-0.25504,0.024367,0.928
-0.25667,0.024367,0.928
-0.2472,0.024236,0.923
-0.24882,0.024236,0.923
-0.25125,0.024314,0.926
-0.2168,0.025319,0.904
-0.21521,0.025319,0.904
-0.1854,0.024927,0.89
-0.18695,0.024927,0.89
-0.18851,0.024927,0.89
-0.19007,0.024927,0.89
-0.18384,0.024927,0.89
-0.19362,0.024983,0.892
-0.19206,0.024983,0.892
-0.19674,0.024983,0.892
-0.19518,0.024983,0.892
-0.20054,0.025067,0.895
-0.19897,0.025067,0.895
-0.20256,0.025123,0.897
-0.20458,0.025179,0.899
-0.21316,0.025263,0.902
-0.21,0.025263,0.902
-0.20842,0.025263,0.902
-0.21158,0.025263,0.902
-0.20684,0.025263,0.902
-0.22964,0.02711,0.911
-0.23199,0.025599,0.914
-0.23039,0.025599,0.914
-0.23199,0.027199,0.914
-0.2341,0.025655,0.916
-0.23571,0.027259,0.916
-0.2341,0.027259,0.916
-0.23809,0.025739,0.919
-0.23648,0.025739,0.919
-0.24344,0.025795,0.921
-0.24506,0.025795,0.921
-0.24183,0.025795,0.921
-0.24022,0.025795,0.921
-0.24506,0.027408,0.921
-0.24344,0.027408,0.921
-0.24183,0.027408,0.921
-0.23809,0.027348,0.919
-0.2397,0.027348,0.919
-0.25667,0.025991,0.928
-0.25504,0.025991,0.928
-0.25287,0.025935,0.926
-0.24963,0.025935,0.926
-0.25125,0.025935,0.926
-0.2472,0.025851,0.923
-0.25125,0.027556,0.926
-0.25287,0.027556,0.926
-0.2472,0.027467,0.923
-0.24963,0.027556,0.926
-0.25667,0.027616,0.928
-0.25504,0.027616,0.928
-0.22069,0.025403,0.907
-0.2191,0.025403,0.907
-0.22277,0.025459,0.909
-0.22645,0.025515,0.911
-0.22804,0.025515,0.911
-0.22485,0.025515,0.911
-0.19163,0.026485,0.89
-0.19007,0.026485,0.89
-0.2021,0.026634,0.895
-0.20054,0.026634,0.895
-0.20773,0.026753,0.899
-0.20615,0.026753,0.899
-0.20413,0.026693,0.897
-0.1983,0.026545,0.892
-0.19674,0.026545,0.892
-0.19518,0.026545,0.892
-0.19362,0.026545,0.892
-0.22754,0.027051,0.909
-0.22645,0.02711,0.911
-0.22436,0.027051,0.909
-0.22069,0.026991,0.907
-0.2191,0.026991,0.907
-0.22277,0.027051,0.909
-0.21474,0.026842,0.902
-0.2168,0.026902,0.904
-0.21158,0.026842,0.902
-0.21,0.026842,0.902
-0.21316,0.026842,0.902
-0.18851,0.026485,0.89
-0.1854,0.026485,0.89
-0.18695,0.026485,0.89
-0.18384,0.026485,0.89
-0.20143,0.028106,0.892
-0.19987,0.028106,0.892
-0.20143,0.029668,0.892
-0.19987,0.029668,0.892
-0.20143,0.031229,0.892
-0.20299,0.03279,0.892
-0.20143,0.03279,0.892
-0.19987,0.031229,0.892
-0.19987,0.03279,0.892
-0.19786,0.031159,0.89
-0.1963,0.032717,0.89
-0.1963,0.031159,0.89
-0.1963,0.029601,0.89
-0.19786,0.032717,0.89
-0.1983,0.028106,0.892
-0.1983,0.029668,0.892
-0.19674,0.028106,0.892
-0.20524,0.029767,0.895
-0.20367,0.029767,0.895
-0.20367,0.028201,0.895
-0.2057,0.028264,0.897
-0.20727,0.028264,0.897
-0.20727,0.029834,0.897
-0.2068,0.032901,0.895
-0.20884,0.032974,0.897
-0.20727,0.031404,0.897
-0.20524,0.031334,0.895
-0.20524,0.032901,0.895
-0.20367,0.031334,0.895
-0.19319,0.028043,0.89
-0.19319,0.029601,0.89
-0.19319,0.031159,0.89
-0.19474,0.031159,0.89
-0.19319,0.032717,0.89
-0.19474,0.032717,0.89
-0.19518,0.028106,0.892
-0.19518,0.029668,0.892
-0.19163,0.028043,0.89
-0.19163,0.029601,0.89
-0.19007,0.028043,0.89
-0.19007,0.029601,0.89
-0.19007,0.031159,0.89
-0.19163,0.032717,0.89
-0.19163,0.031159,0.89
-0.19007,0.032717,0.89
-0.18851,0.029601,0.89
-0.18695,0.029601,0.89
-0.18695,0.028043,0.89
-0.18851,0.028043,0.89
-0.18851,0.032717,0.89
-0.18851,0.031159,0.89
-0.18695,0.031159,0.89
-0.18498,0.029534,0.888
-0.18653,0.032643,0.888
-0.18498,0.02798,0.888
-0.18498,0.032643,0.888
-0.1854,0.031159,0.89
-0.17118,0.027759,0.881
-0.17273,0.027759,0.881
-0.17118,0.029302,0.881
-0.17427,0.029302,0.881
-0.17273,0.029302,0.881
-0.17118,0.030844,0.881
-0.17273,0.030844,0.881
-0.17273,0.032386,0.881
-0.17118,0.032386,0.881
-0.18342,0.029534,0.888
-0.18342,0.032643,0.888
-0.18342,0.031089,0.888
-0.18301,0.027917,0.886
-0.1793,0.029368,0.883
-0.1793,0.027822,0.883
-0.18146,0.027917,0.886
-0.18146,0.029468,0.886
-0.18146,0.031019,0.886
-0.18146,0.03257,0.886
-0.17991,0.03257,0.886
-0.17991,0.031019,0.886
-0.17775,0.029368,0.883
-0.17775,0.027822,0.883
-0.17621,0.027822,0.883
-0.17621,0.029368,0.883
-0.17466,0.027822,0.883
-0.17466,0.030914,0.883
-0.17621,0.030914,0.883
-0.17466,0.03246,0.883
-0.17775,0.030914,0.883
-0.17775,0.03246,0.883
-0.17621,0.03246,0.883
-0.24667,0.030632,0.921
-0.24506,0.030632,0.921
-0.24506,0.02902,0.921
-0.24882,0.029083,0.923
-0.2472,0.029083,0.923
-0.25449,0.029177,0.926
-0.25342,0.02924,0.928
-0.25179,0.02924,0.928
-0.25667,0.02924,0.928
-0.25044,0.030699,0.923
-0.24882,0.030699,0.923
-0.25449,0.030798,0.926
-0.25287,0.030798,0.926
-0.25044,0.032314,0.923
-0.24882,0.032314,0.923
-0.24667,0.032244,0.921
-0.25611,0.032419,0.926
-0.25449,0.032419,0.926
-0.25287,0.032419,0.926
-0.24292,0.030566,0.919
-0.24344,0.02902,0.921
-0.24183,0.02902,0.921
-0.23892,0.030466,0.916
-0.2397,0.028957,0.919
-0.24131,0.030566,0.919
-0.23571,0.028862,0.916
-0.23731,0.028862,0.916
-0.23359,0.028799,0.914
-0.23731,0.030466,0.916
-0.23519,0.030399,0.914
-0.23359,0.030399,0.914
-0.23283,0.031894,0.911
-0.23679,0.031999,0.914
-0.23519,0.031999,0.914
-0.23892,0.032069,0.916
-0.24131,0.032174,0.919
-0.24452,0.032174,0.919
-0.24292,0.032174,0.919
-0.21947,0.031579,0.902
-0.2179,0.031579,0.902
-0.21632,0.03,0.902
-0.21632,0.031579,0.902
-0.22154,0.030067,0.904
-0.22313,0.031649,0.904
-0.22154,0.031649,0.904
-0.21996,0.028484,0.904
-0.21996,0.030067,0.904
-0.21838,0.030067,0.904
-0.21838,0.028484,0.904
-0.2168,0.028484,0.904
-0.21245,0.0299,0.899
-0.2093,0.031474,0.899
-0.21245,0.031474,0.899
-0.2093,0.028327,0.899
-0.21088,0.028327,0.899
-0.21088,0.0299,0.899
-0.2093,0.0299,0.899
-0.21088,0.031474,0.899
-0.21316,0.028421,0.902
-0.21474,0.031579,0.902
-0.21474,0.03,0.902
-0.21474,0.028421,0.902
-0.23123,0.030299,0.911
-0.23123,0.028705,0.911
-0.23123,0.031894,0.911
-0.22964,0.028705,0.911
-0.22964,0.030299,0.911
-0.22754,0.028642,0.909
-0.22913,0.031824,0.909
-0.22754,0.030233,0.909
-0.22754,0.031824,0.909
-0.22228,0.028579,0.907
-0.22595,0.028642,0.909
-0.22436,0.028642,0.909
-0.22595,0.030233,0.909
-0.22545,0.031754,0.907
-0.22387,0.030166,0.907
-0.18653,0.034198,0.888
-0.1912,0.034198,0.888
-0.18498,0.034198,0.888
-0.18809,0.034198,0.888
-0.1963,0.034275,0.89
-0.19319,0.034275,0.89
-0.19474,0.034275,0.89
-0.19786,0.034275,0.89
-0.19007,0.034275,0.89
-0.20299,0.034352,0.892
-0.20143,0.034352,0.892
-0.19987,0.034352,0.892
-0.21041,0.034544,0.897
-0.20884,0.034544,0.897
-0.2068,0.034467,0.895
-0.20524,0.034467,0.895
-0.1963,0.035833,0.89
-0.19474,0.035833,0.89
-0.1912,0.035752,0.888
-0.19319,0.035833,0.89
-0.18456,0.035672,0.886
-0.18809,0.035752,0.888
-0.19007,0.035833,0.89
-0.18653,0.035752,0.888
-0.21041,0.036115,0.897
-0.20884,0.036115,0.897
-0.2068,0.036034,0.895
-0.20524,0.036034,0.895
-0.20884,0.037685,0.897
-0.2068,0.037601,0.895
-0.20524,0.037601,0.895
-0.20299,0.035913,0.892
-0.20367,0.037601,0.895
-0.2021,0.037601,0.895
-0.20143,0.035913,0.892
-0.19987,0.035913,0.892
-0.19987,0.037475,0.892
-0.1983,0.035913,0.892
-0.19786,0.037391,0.89
-0.19474,0.037391,0.89
-0.19319,0.037391,0.89
-0.1963,0.037391,0.89
-0.18809,0.037307,0.888
-0.18456,0.037223,0.886
-0.1912,0.037307,0.888
-0.19007,0.037391,0.89
-0.18653,0.037307,0.888
-0.17118,0.033928,0.881
-0.17273,0.033928,0.881
-0.17466,0.034005,0.883
-0.17775,0.034005,0.883
-0.17621,0.034005,0.883
-0.17991,0.034121,0.886
-0.18301,0.034121,0.886
-0.18146,0.034121,0.886
-0.17118,0.03547,0.881
-0.17273,0.03547,0.881
-0.17466,0.035551,0.883
-0.17775,0.035551,0.883
-0.1793,0.035551,0.883
-0.17621,0.035551,0.883
-0.17427,0.037013,0.881
-0.17621,0.037097,0.883
-0.1793,0.037097,0.883
-0.17775,0.037097,0.883
-0.18301,0.035672,0.886
-0.18146,0.037223,0.886
-0.18301,0.037223,0.886
-0.18146,0.035672,0.886
-0.17273,0.037013,0.881
-0.17118,0.037013,0.881
-0.24212,0.033673,0.916
-0.24212,0.035276,0.916
-0.24052,0.033673,0.916
-0.24052,0.035276,0.916
-0.23839,0.035199,0.914
-0.23892,0.033673,0.916
-0.23679,0.033599,0.914
-0.23679,0.035199,0.914
-0.23519,0.033599,0.914
-0.23283,0.033489,0.911
-0.23442,0.035084,0.911
-0.23283,0.035084,0.911
-0.25528,0.03393,0.923
-0.25367,0.03393,0.923
-0.25287,0.03404,0.926
-0.24613,0.033783,0.919
-0.24452,0.033783,0.919
-0.24989,0.033856,0.921
-0.24828,0.033856,0.921
-0.23442,0.036678,0.911
-0.23283,0.036678,0.911
-0.23679,0.036799,0.914
-0.23839,0.036799,0.914
-0.24052,0.03688,0.916
-0.24212,0.03688,0.916
-0.25312,0.035469,0.921
-0.25528,0.035546,0.923
-0.25205,0.035546,0.923
-0.25528,0.037161,0.923
-0.25367,0.037161,0.923
-0.25205,0.037161,0.923
-0.24613,0.035392,0.919
-0.24452,0.035392,0.919
-0.24828,0.035469,0.921
-0.24989,0.035469,0.921
-0.24452,0.037,0.919
-0.24613,0.037,0.919
-0.24989,0.037081,0.921
-0.24828,0.037081,0.921
-0.2156,0.037769,0.899
-0.2156,0.036195,0.899
-0.21402,0.033048,0.899
-0.21402,0.034621,0.899
-0.21402,0.037769,0.899
-0.21402,0.036195,0.899
-0.21245,0.037769,0.899
-0.21245,0.036195,0.899
-0.21245,0.033048,0.899
-0.21245,0.034621,0.899
-0.21088,0.033048,0.899
-0.21088,0.037769,0.899
-0.21632,0.033158,0.902
-0.21947,0.033158,0.902
-0.22105,0.036316,0.902
-0.22105,0.037895,0.902
-0.21947,0.037895,0.902
-0.2179,0.036316,0.902
-0.21947,0.034737,0.902
-0.22105,0.034737,0.902
-0.2179,0.033158,0.902
-0.21632,0.034737,0.902
-0.2179,0.034737,0.902
-0.21947,0.036316,0.902
-0.2179,0.037895,0.902
-0.22545,0.033342,0.907
-0.22545,0.034929,0.907
-0.22313,0.033232,0.904
-0.22154,0.033232,0.904
-0.22313,0.034814,0.904
-0.22863,0.036517,0.907
-0.22704,0.036517,0.907
-0.22545,0.036517,0.907
-0.22313,0.036396,0.904
-0.22913,0.033415,0.909
-0.22754,0.033415,0.909
-0.23072,0.035007,0.909
-0.23072,0.036598,0.909
-0.22754,0.035007,0.909
-0.22913,0.035007,0.909
-0.23123,0.033489,0.911
-0.17118,0.038555,0.881
-0.17621,0.038642,0.883
-0.17466,0.038642,0.883
-0.17466,0.040188,0.883
-0.17003,0.040188,0.883
-0.17775,0.041734,0.883
-0.17003,0.043279,0.883
-0.17157,0.043279,0.883
-0.17775,0.043279,0.883
-0.17003,0.044825,0.883
-0.17621,0.041734,0.883
-0.17775,0.038642,0.883
-0.17003,0.041734,0.883
-0.17157,0.041734,0.883
-0.17621,0.043279,0.883
-0.1793,0.038642,0.883
-0.17312,0.038642,0.883
-0.17312,0.040188,0.883
-0.17157,0.040188,0.883
-0.17621,0.040188,0.883
-0.17775,0.040188,0.883
-0.17312,0.041734,0.883
-0.17157,0.044825,0.883
-0.17466,0.051008,0.883
-0.17003,0.049462,0.883
-0.17466,0.052554,0.883
-0.17621,0.054099,0.883
-0.17466,0.054099,0.883
-0.17157,0.054099,0.883
-0.17003,0.054099,0.883
-0.17312,0.054099,0.883
-0.17157,0.055645,0.883
-0.17312,0.055645,0.883
-0.17003,0.055645,0.883
-0.17621,0.055645,0.883
-0.17466,0.055645,0.883
-0.17157,0.057191,0.883
-0.17003,0.057191,0.883
-0.17466,0.057191,0.883
-0.17312,0.057191,0.883
-0.17466,0.058736,0.883
-0.17003,0.058736,0.883
-0.17157,0.058736,0.883
-0.17312,0.058736,0.883
-0.17312,0.060282,0.883
-0.17466,0.060282,0.883
-0.17157,0.060282,0.883
-0.17003,0.060282,0.883
-0.17003,0.061828,0.883
-0.17312,0.061828,0.883
-0.17157,0.061828,0.883
-0.18301,0.038774,0.886
-0.18146,0.041875,0.886
-0.17371,0.048079,0.886
-0.17681,0.04963,0.886
-0.17215,0.04963,0.886
-0.18301,0.051181,0.886
-0.17836,0.052732,0.886
-0.17681,0.057385,0.886
-0.17681,0.058936,0.886
-0.17681,0.060487,0.886
-0.17681,0.062038,0.886
-0.17526,0.062038,0.886
-0.18146,0.038774,0.886
-0.17991,0.043426,0.886
-0.17371,0.043426,0.886
-0.17836,0.044977,0.886
-0.17681,0.048079,0.886
-0.17215,0.046528,0.886
-0.17371,0.04963,0.886
-0.17836,0.051181,0.886
-0.17371,0.051181,0.886
-0.17215,0.051181,0.886
-0.1706,0.052732,0.886
-0.17681,0.052732,0.886
-0.1706,0.06514,0.886
-0.18146,0.040325,0.886
-0.17991,0.040325,0.886
-0.17526,0.041875,0.886
-0.17991,0.041875,0.886
-0.18301,0.043426,0.886
-0.18146,0.043426,0.886
-0.17526,0.043426,0.886
-0.17371,0.044977,0.886
-0.17526,0.044977,0.886
-0.17991,0.044977,0.886
-0.17681,0.044977,0.886
-0.17681,0.046528,0.886
-0.17836,0.048079,0.886
-0.17526,0.048079,0.886
-0.17836,0.046528,0.886
-0.18146,0.051181,0.886
-0.17681,0.051181,0.886
-0.17526,0.04963,0.886
-0.17215,0.048079,0.886
-0.1706,0.046528,0.886
-0.1706,0.048079,0.886
-0.1706,0.051181,0.886
-0.17215,0.052732,0.886
-0.17371,0.052732,0.886
-0.1706,0.063589,0.886
-0.17215,0.063589,0.886
-0.18498,0.04197,0.888
-0.18342,0.045079,0.888
-0.18187,0.045079,0.888
-0.18187,0.048188,0.888
-0.17876,0.057514,0.888
-0.17876,0.059069,0.888
-0.17876,0.060623,0.888
-0.18809,0.038861,0.888
-0.18498,0.040416,0.888
-0.17876,0.054406,0.888
-0.18342,0.052851,0.888
-0.18187,0.049742,0.888
-0.18498,0.043524,0.888
-0.18342,0.040416,0.888
-0.18032,0.051297,0.888
-0.17721,0.063732,0.888
-0.1912,0.038861,0.888
-0.1912,0.040416,0.888
-0.18964,0.040416,0.888
-0.18498,0.038861,0.888
-0.1912,0.043524,0.888
-0.18032,0.046633,0.888
-0.18032,0.048188,0.888
-0.17876,0.062178,0.888
-0.17099,0.066841,0.888
-0.18653,0.038861,0.888
-0.1912,0.04197,0.888
-0.18809,0.040416,0.888
-0.18342,0.048188,0.888
-0.18342,0.046633,0.888
-0.18342,0.04197,0.888
-0.18187,0.046633,0.888
-0.1741,0.046633,0.888
-0.17565,0.046633,0.888
-0.18342,0.049742,0.888
-0.18187,0.052851,0.888
-0.17876,0.05596,0.888
-0.17876,0.049742,0.888
-0.17565,0.065287,0.888
-0.19786,0.038949,0.89
-0.19474,0.040507,0.89
-0.19786,0.040507,0.89
-0.1963,0.038949,0.89
-0.19319,0.038949,0.89
-0.19474,0.042065,0.89
-0.18695,0.042065,0.89
-0.18851,0.042065,0.89
-0.1963,0.040507,0.89
-0.1963,0.042065,0.89
-0.19007,0.038949,0.89
-0.18695,0.040507,0.89
-0.19474,0.038949,0.89
-0.19319,0.040507,0.89
-0.19319,0.042065,0.89
-0.19007,0.042065,0.89
-0.20143,0.039036,0.892
-0.19987,0.039036,0.892
-0.20299,0.039036,0.892
-0.1983,0.042159,0.892
-0.19987,0.040598,0.892
-0.20143,0.040598,0.892
-0.20299,0.040598,0.892
-0.19474,0.043622,0.89
-0.19007,0.043622,0.89
-0.18695,0.043622,0.89
-0.18851,0.043622,0.89
-0.19987,0.04372,0.892
-0.20143,0.04372,0.892
-0.19674,0.04372,0.892
-0.19362,0.04372,0.892
-0.18851,0.04518,0.89
-0.18695,0.04518,0.89
-0.1854,0.04518,0.89
-0.19518,0.045282,0.892
-0.1905,0.045282,0.892
-0.19206,0.045282,0.892
-0.19362,0.045282,0.892
-0.18695,0.046738,0.89
-0.1854,0.046738,0.89
-0.18851,0.048296,0.89
-0.18695,0.048296,0.89
-0.1854,0.048296,0.89
-0.19674,0.048405,0.892
-0.19362,0.048405,0.892
-0.1905,0.046843,0.892
-0.19206,0.046843,0.892
-0.19362,0.046843,0.892
-0.18894,0.046843,0.892
-0.1905,0.048405,0.892
-0.19206,0.048405,0.892
-0.19518,0.048405,0.892
-0.20884,0.040825,0.897
-0.20884,0.039255,0.897
-0.20727,0.040825,0.897
-0.20884,0.042395,0.897
-0.20727,0.042395,0.897
-0.2068,0.039167,0.895
-0.2057,0.040825,0.897
-0.2057,0.042395,0.897
-0.20524,0.039167,0.895
-0.20413,0.042395,0.897
-0.20884,0.043966,0.897
-0.20727,0.043966,0.897
-0.2057,0.043966,0.897
-0.20413,0.043966,0.897
-0.2057,0.045536,0.897
-0.20413,0.045536,0.897
-0.2057,0.047106,0.897
-0.20413,0.047106,0.897
-0.20413,0.048676,0.897
-0.20256,0.045536,0.897
-0.2021,0.042301,0.895
-0.20054,0.042301,0.895
-0.20099,0.045536,0.897
-0.20099,0.047106,0.897
-0.20256,0.048676,0.897
-0.20256,0.047106,0.897
-0.20099,0.048676,0.897
-0.19897,0.045434,0.895
-0.19897,0.048568,0.895
-0.19897,0.047001,0.895
-0.19897,0.043868,0.895
-0.1974,0.045434,0.895
-0.1974,0.047001,0.895
-0.19584,0.047001,0.895
-0.19362,0.051528,0.892
-0.19362,0.049966,0.892
-0.19206,0.049966,0.892
-0.19206,0.051528,0.892
-0.19206,0.053089,0.892
-0.19206,0.054651,0.892
-0.19206,0.057774,0.892
-0.1905,0.051528,0.892
-0.1905,0.056212,0.892
-0.18894,0.059335,0.892
-0.18894,0.054651,0.892
-0.18894,0.053089,0.892
-0.18894,0.057774,0.892
-0.18894,0.051528,0.892
-0.18894,0.056212,0.892
-0.1905,0.057774,0.892
-0.1905,0.049966,0.892
-0.1905,0.054651,0.892
-0.1905,0.053089,0.892
-0.18894,0.049966,0.892
-0.1854,0.051412,0.89
-0.18695,0.051412,0.89
-0.18695,0.049854,0.89
-0.1854,0.049854,0.89
-0.1854,0.05297,0.89
-0.18695,0.05297,0.89
-0.18384,0.054528,0.89
-0.18228,0.054528,0.89
-0.18737,0.054651,0.892
-0.18581,0.054651,0.892
-0.18384,0.056086,0.89
-0.18384,0.057644,0.89
-0.18384,0.059202,0.89
-0.18228,0.057644,0.89
-0.18228,0.056086,0.89
-0.18228,0.059202,0.89
-0.18737,0.056212,0.892
-0.18581,0.057774,0.892
-0.18737,0.057774,0.892
-0.18581,0.056212,0.892
-0.18737,0.059335,0.892
-0.18581,0.059335,0.892
-0.1974,0.050134,0.895
-0.19897,0.050134,0.895
-0.19584,0.050134,0.895
-0.20256,0.050246,0.897
-0.20413,0.050246,0.897
-0.20099,0.050246,0.897
-0.19897,0.051701,0.895
-0.1974,0.051701,0.895
-0.1974,0.053268,0.895
-0.19584,0.051701,0.895
-0.19584,0.053268,0.895
-0.19427,0.053268,0.895
-0.20099,0.051817,0.897
-0.20099,0.053387,0.897
-0.19942,0.053387,0.897
-0.19584,0.054834,0.895
-0.19427,0.056401,0.895
-0.1974,0.054834,0.895
-0.19427,0.054834,0.895
-0.1927,0.056401,0.895
-0.19114,0.059535,0.895
-0.1927,0.059535,0.895
-0.20099,0.054957,0.897
-0.19942,0.054957,0.897
-0.19785,0.056527,0.897
-0.19627,0.056527,0.897
-0.1947,0.058097,0.897
-0.19627,0.058097,0.897
-0.19785,0.058097,0.897
-0.1947,0.059668,0.897
-0.2179,0.044211,0.902
-0.2179,0.041053,0.902
-0.22105,0.042632,0.902
-0.2179,0.039474,0.902
-0.2179,0.042632,0.902
-0.21632,0.04579,0.902
-0.21474,0.047369,0.902
-0.21474,0.052105,0.902
-0.21632,0.042632,0.902
-0.21632,0.041053,0.902
-0.21632,0.050526,0.902
-0.21474,0.048948,0.902
-0.21947,0.044211,0.902
-0.21947,0.04579,0.902
-0.21947,0.039474,0.902
-0.21947,0.041053,0.902
-0.21947,0.042632,0.902
-0.2179,0.04579,0.902
-0.2179,0.047369,0.902
-0.2179,0.048948,0.902
-0.21632,0.039474,0.902
-0.21632,0.044211,0.902
-0.21632,0.047369,0.902
-0.21632,0.048948,0.902
-0.21474,0.050526,0.902
-0.21245,0.039343,0.899
-0.21402,0.039343,0.899
-0.21402,0.040916,0.899
-0.21245,0.04249,0.899
-0.21245,0.044064,0.899
-0.21088,0.04249,0.899
-0.21402,0.044064,0.899
-0.21245,0.040916,0.899
-0.21402,0.04249,0.899
-0.21088,0.040916,0.899
-0.21088,0.039343,0.899
-0.21088,0.044064,0.899
-0.21088,0.045637,0.899
-0.21402,0.045637,0.899
-0.21245,0.045637,0.899
-0.21088,0.047211,0.899
-0.21245,0.047211,0.899
-0.21088,0.048785,0.899
-0.21088,0.051932,0.899
-0.21245,0.048785,0.899
-0.21088,0.050358,0.899
-0.21316,0.050526,0.902
-0.21316,0.052105,0.902
-0.21316,0.053684,0.902
-0.21158,0.053684,0.902
-0.21158,0.055263,0.902
-0.20773,0.050358,0.899
-0.2093,0.053506,0.899
-0.20458,0.053506,0.899
-0.20615,0.048785,0.899
-0.2093,0.045637,0.899
-0.20615,0.053506,0.899
-0.20615,0.050358,0.899
-0.2093,0.050358,0.899
-0.20773,0.051932,0.899
-0.2093,0.047211,0.899
-0.20773,0.045637,0.899
-0.20773,0.053506,0.899
-0.20773,0.047211,0.899
-0.20773,0.048785,0.899
-0.2093,0.048785,0.899
-0.20615,0.051932,0.899
-0.20458,0.051932,0.899
-0.20301,0.053506,0.899
-0.20301,0.051932,0.899
-0.21,0.052105,0.902
-0.20301,0.05508,0.899
-0.20458,0.05508,0.899
-0.20615,0.05508,0.899
-0.20301,0.056653,0.899
-0.20143,0.056653,0.899
-0.19986,0.056653,0.899
-0.21,0.055263,0.902
-0.20842,0.055263,0.902
-0.20842,0.056842,0.902
-0.20684,0.056842,0.902
-0.20526,0.056842,0.902
-0.20143,0.058227,0.899
-0.19986,0.058227,0.899
-0.19671,0.059801,0.899
-0.19829,0.059801,0.899
-0.20684,0.058421,0.902
-0.20526,0.058421,0.902
-0.20368,0.058421,0.902
-0.22863,0.04128,0.907
-0.22863,0.038105,0.907
-0.22863,0.039693,0.907
-0.22863,0.044456,0.907
-0.22863,0.042868,0.907
-0.22704,0.044456,0.907
-0.22704,0.042868,0.907
-0.22704,0.046043,0.907
-0.22704,0.039693,0.907
-0.22704,0.038105,0.907
-0.22704,0.04128,0.907
-0.22545,0.046043,0.907
-0.22545,0.039693,0.907
-0.22545,0.038105,0.907
-0.22545,0.044456,0.907
-0.22313,0.045891,0.904
-0.22313,0.041144,0.904
-0.22313,0.037979,0.904
-0.22471,0.042726,0.904
-0.22471,0.041144,0.904
-0.22313,0.039561,0.904
-0.22313,0.044309,0.904
-0.22313,0.042726,0.904
-0.22154,0.039561,0.904
-0.22154,0.041144,0.904
-0.22154,0.044309,0.904
-0.22154,0.045891,0.904
-0.21996,0.047474,0.904
-0.22154,0.047474,0.904
-0.21838,0.050639,0.904
-0.22154,0.049056,0.904
-0.21996,0.049056,0.904
-0.21838,0.052221,0.904
-0.21996,0.050639,0.904
-0.2168,0.052221,0.904
-0.21363,0.055386,0.904
-0.20888,0.058551,0.904
-0.2168,0.053803,0.904
-0.21521,0.053803,0.904
-0.21047,0.056968,0.904
-0.22704,0.047631,0.907
-0.22545,0.049219,0.907
-0.22387,0.049219,0.907
-0.22228,0.050807,0.907
-0.21434,0.057157,0.907
-0.21275,0.057157,0.907
-0.21116,0.058745,0.907
-0.22545,0.047631,0.907
-0.22387,0.050807,0.907
-0.22387,0.047631,0.907
-0.2191,0.053982,0.907
-0.22069,0.052394,0.907
-0.21752,0.05557,0.907
-0.21593,0.05557,0.907
-0.19671,0.061374,0.899
-0.19514,0.061374,0.899
-0.19313,0.061238,0.897
-0.19114,0.061101,0.895
-0.18957,0.061101,0.895
-0.18228,0.06076,0.89
-0.18581,0.060896,0.892
-0.18425,0.060896,0.892
-0.188,0.061101,0.895
-0.18228,0.062318,0.89
-0.18581,0.062458,0.892
-0.18425,0.062458,0.892
-0.18425,0.064019,0.892
-0.18269,0.064019,0.892
-0.18644,0.064235,0.895
-0.188,0.062668,0.895
-0.188,0.064235,0.895
-0.19042,0.062948,0.899
-0.19199,0.062948,0.899
-0.19357,0.062948,0.899
-0.19042,0.064522,0.899
-0.19199,0.064522,0.899
-0.18425,0.065581,0.892
-0.18644,0.065801,0.895
-0.18884,0.066095,0.899
-0.18528,0.067519,0.897
-0.18113,0.065581,0.892
-0.18269,0.065581,0.892
-0.18269,0.067142,0.892
-0.18113,0.067142,0.892
-0.1857,0.069243,0.899
-0.1857,0.070817,0.899
-0.18113,0.068704,0.892
-0.1833,0.068935,0.895
-0.1833,0.070501,0.895
-0.18174,0.070501,0.895
-0.18727,0.077111,0.899
-0.18727,0.07239,0.899
-0.18884,0.078685,0.899
-0.18727,0.078685,0.899
-0.1857,0.075538,0.899
-0.1857,0.077111,0.899
-0.1857,0.07239,0.899
-0.1857,0.073964,0.899
-0.1857,0.078685,0.899
-0.18884,0.080259,0.899
-0.19042,0.080259,0.899
-0.18884,0.081832,0.899
-0.18884,0.083406,0.899
-0.1857,0.083406,0.899
-0.18727,0.081832,0.899
-0.1857,0.081832,0.899
-0.18727,0.080259,0.899
-0.1857,0.080259,0.899
-0.18727,0.083406,0.899
-0.1833,0.072068,0.895
-0.18174,0.072068,0.895
-0.18214,0.073799,0.897
-0.18412,0.075538,0.899
-0.18412,0.073964,0.899
-0.18214,0.07537,0.897
-0.18214,0.07694,0.897
-0.18412,0.077111,0.899
-0.18098,0.077111,0.899
-0.18255,0.078685,0.899
-0.18098,0.078685,0.899
-0.18255,0.083406,0.899
-0.18255,0.081832,0.899
-0.18255,0.080259,0.899
-0.18098,0.080259,0.899
-0.18098,0.091275,0.899
-0.18098,0.089701,0.899
-0.18098,0.088127,0.899
-0.20368,0.06,0.902
-0.20053,0.064737,0.902
-0.20053,0.063158,0.902
-0.19895,0.063158,0.902
-0.1879,0.071053,0.902
-0.18947,0.077369,0.902
-0.19105,0.066316,0.902
-0.19105,0.067895,0.902
-0.18947,0.07579,0.902
-0.1879,0.074211,0.902
-0.18158,0.082105,0.902
-0.19105,0.082105,0.902
-0.18474,0.082105,0.902
-0.18316,0.085263,0.902
-0.18474,0.083684,0.902
-0.19105,0.083684,0.902
-0.1879,0.086842,0.902
-0.18316,0.086842,0.902
-0.18632,0.086842,0.902
-0.18474,0.088421,0.902
-0.18316,0.088421,0.902
-0.1879,0.09,0.902
-0.18632,0.09,0.902
-0.18316,0.09,0.902
-0.18632,0.091579,0.902
-0.18474,0.09,0.902
-0.1879,0.091579,0.902
-0.18316,0.091579,0.902
-0.18632,0.093158,0.902
-0.18158,0.093158,0.902
-0.18158,0.094737,0.902
-0.18474,0.094737,0.902
-0.20211,0.061579,0.902
-0.19895,0.061579,0.902
-0.19421,0.064737,0.902
-0.19579,0.066316,0.902
-0.19579,0.063158,0.902
-0.20211,0.06,0.902
-0.20053,0.06,0.902
-0.18947,0.074211,0.902
-0.1879,0.07579,0.902
-0.1879,0.069474,0.902
-0.18632,0.094737,0.902
-0.18474,0.085263,0.902
-0.18474,0.086842,0.902
-0.18947,0.085263,0.902
-0.18158,0.083684,0.902
-0.18474,0.093158,0.902
-0.20053,0.061579,0.902
-0.19737,0.063158,0.902
-0.19737,0.064737,0.902
-0.19579,0.064737,0.902
-0.19263,0.066316,0.902
-0.19421,0.066316,0.902
-0.18947,0.067895,0.902
-0.1879,0.085263,0.902
-0.18632,0.088421,0.902
-0.18474,0.078948,0.902
-0.18474,0.080527,0.902
-0.18474,0.091579,0.902
-0.1879,0.067895,0.902
-0.18632,0.085263,0.902
-0.1879,0.093158,0.902
-0.18158,0.085263,0.902
-0.18158,0.086842,0.902
-0.2073,0.060133,0.904
-0.20572,0.060133,0.904
-0.20572,0.061716,0.904
-0.20414,0.061716,0.904
-0.20414,0.063298,0.904
-0.20255,0.063298,0.904
-0.20255,0.064881,0.904
-0.20255,0.066463,0.904
-0.20097,0.066463,0.904
-0.19939,0.064881,0.904
-0.19939,0.066463,0.904
-0.19622,0.068045,0.904
-0.19781,0.066463,0.904
-0.19464,0.068045,0.904
-0.19464,0.069628,0.904
-0.19306,0.068045,0.904
-0.18989,0.069628,0.904
-0.19148,0.072793,0.904
-0.18989,0.07121,0.904
-0.18989,0.072793,0.904
-0.19148,0.074375,0.904
-0.20958,0.060333,0.907
-0.2064,0.065096,0.907
-0.20481,0.068271,0.907
-0.20164,0.068271,0.907
-0.20005,0.068271,0.907
-0.2064,0.066684,0.907
-0.20481,0.066684,0.907
-0.20323,0.068271,0.907
-0.20005,0.069859,0.907
-0.19211,0.069859,0.907
-0.20323,0.069859,0.907
-0.19211,0.071447,0.907
-0.20005,0.071447,0.907
-0.1937,0.071447,0.907
-0.20799,0.063508,0.907
-0.2064,0.063508,0.907
-0.2064,0.068271,0.907
-0.20481,0.065096,0.907
-0.19688,0.069859,0.907
-0.20164,0.071447,0.907
-0.1937,0.073034,0.907
-0.20164,0.069859,0.907
-0.20323,0.071447,0.907
-0.19846,0.068271,0.907
-0.20164,0.073034,0.907
-0.1937,0.074622,0.907
-0.20799,0.06192,0.907
-0.1937,0.069859,0.907
-0.19688,0.079385,0.907
-0.19529,0.07621,0.907
-0.19148,0.07754,0.904
-0.19306,0.07754,0.904
-0.19148,0.079123,0.904
-0.19306,0.075958,0.904
-0.19306,0.079123,0.904
-0.19148,0.075958,0.904
-0.19306,0.080705,0.904
-0.1937,0.084148,0.907
-0.1937,0.082561,0.907
-0.19148,0.085452,0.904
-0.18989,0.087035,0.904
-0.19211,0.087324,0.907
-0.19052,0.088911,0.907
-0.19052,0.090499,0.907
-0.18831,0.088617,0.904
-0.18831,0.094947,0.904
-0.18735,0.09685,0.907
-0.18576,0.09685,0.907
-0.18576,0.10003,0.907
-0.18356,0.094947,0.904
-0.18356,0.093365,0.904
-0.18356,0.09653,0.904
-0.18417,0.098438,0.907
-0.18198,0.098112,0.904
-0.18198,0.09653,0.904
-0.181,0.10003,0.907
-0.18072,0.056086,0.89
-0.18072,0.057644,0.89
-0.18072,0.049854,0.89
-0.18072,0.05297,0.89
-0.18072,0.054528,0.89
-0.18072,0.06076,0.89
-0.18072,0.059202,0.89
-0.18072,0.062318,0.89
-0.17916,0.063876,0.89
-0.18072,0.063876,0.89
-0.17916,0.065434,0.89
-0.17761,0.065434,0.89
-0.17605,0.063876,0.89
-0.17449,0.063876,0.89
-0.17449,0.065434,0.89
-0.17293,0.065434,0.89
-0.17449,0.066992,0.89
-0.17293,0.066992,0.89
-0.17605,0.066992,0.89
-0.17916,0.066992,0.89
-0.17761,0.066992,0.89
-0.17137,0.06855,0.89
-0.17488,0.068704,0.892
-0.17644,0.068704,0.892
-0.1702,0.068704,0.892
-0.17332,0.068704,0.892
-0.17957,0.068704,0.892
-0.178,0.068704,0.892
-0.17644,0.070265,0.892
-0.17957,0.070265,0.892
-0.178,0.070265,0.892
-0.17488,0.070265,0.892
-0.17332,0.070265,0.892
-0.1702,0.070265,0.892
-0.17176,0.070265,0.892
-0.17176,0.071827,0.892
-0.17957,0.071827,0.892
-0.17547,0.072068,0.895
-0.1739,0.072068,0.895
-0.1786,0.072068,0.895
-0.17077,0.072068,0.895
-0.1739,0.073635,0.895
-0.17234,0.073635,0.895
-0.17077,0.073635,0.895
-0.17234,0.075202,0.895
-0.17234,0.076768,0.895
-0.17077,0.076768,0.895
-0.17234,0.078335,0.895
-0.18057,0.073799,0.897
-0.18057,0.07537,0.897
-0.1794,0.073964,0.899
-0.17743,0.072229,0.897
-0.17625,0.073964,0.899
-0.17625,0.075538,0.899
-0.17625,0.077111,0.899
-0.17429,0.07537,0.897
-0.17115,0.07537,0.897
-0.17429,0.07694,0.897
-0.17115,0.08008,0.897
-0.17272,0.08008,0.897
-0.17115,0.07851,0.897
-0.17468,0.078685,0.899
-0.17842,0.07579,0.902
-0.18,0.07579,0.902
-0.17842,0.074211,0.902
-0.18,0.078948,0.902
-0.18,0.077369,0.902
-0.17842,0.077369,0.902
-0.17842,0.078948,0.902
-0.17684,0.078948,0.902
-0.17842,0.080527,0.902
-0.18,0.080527,0.902
-0.17684,0.080527,0.902
-0.17684,0.082105,0.902
-0.17842,0.082105,0.902
-0.1804,0.082288,0.904
-0.17468,0.080259,0.899
-0.17468,0.081832,0.899
-0.17311,0.081832,0.899
-0.17115,0.08165,0.897
-0.18,0.083684,0.902
-0.17842,0.083684,0.902
-0.17684,0.083684,0.902
-0.17311,0.083406,0.899
-0.17468,0.083406,0.899
-0.17115,0.083221,0.897
-0.17468,0.08498,0.899
-0.17153,0.08498,0.899
-0.17311,0.08498,0.899
-0.17115,0.089501,0.897
-0.17272,0.089501,0.897
-0.17625,0.086554,0.899
-0.17311,0.086554,0.899
-0.17153,0.086554,0.899
-0.18,0.085263,0.902
-0.17842,0.085263,0.902
-0.18,0.086842,0.902
-0.17526,0.086842,0.902
-0.17684,0.085263,0.902
-0.17842,0.086842,0.902
-0.17625,0.088127,0.899
-0.1794,0.088127,0.899
-0.17783,0.088127,0.899
-0.1794,0.089701,0.899
-0.17783,0.089701,0.899
-0.17625,0.089701,0.899
-0.17311,0.088127,0.899
-0.17468,0.088127,0.899
-0.17153,0.088127,0.899
-0.17468,0.089701,0.899
-0.18,0.091579,0.902
-0.18,0.093158,0.902
-0.18,0.094737,0.902
-0.17842,0.094737,0.902
-0.17842,0.093158,0.902
-0.17783,0.091275,0.899
-0.17842,0.096316,0.902
-0.17842,0.097895,0.902
-0.17684,0.096316,0.902
-0.17684,0.097895,0.902
-0.1804,0.09653,0.904
-0.1804,0.098112,0.904
-0.17723,0.099695,0.904
-0.17941,0.10003,0.907
-0.17272,0.091072,0.897
-0.17468,0.091275,0.899
-0.17625,0.091275,0.899
-0.17625,0.092848,0.899
-0.17468,0.092848,0.899
-0.17311,0.092848,0.899
-0.17625,0.094422,0.899
-0.17468,0.094422,0.899
-0.17311,0.094422,0.899
-0.17468,0.095996,0.899
-0.17311,0.095996,0.899
-0.17311,0.097569,0.899
-0.17526,0.097895,0.902
-0.17368,0.099474,0.902
-0.17211,0.099474,0.902
-0.17565,0.099695,0.904
-0.17368,0.10105,0.902
-0.17115,0.091072,0.897
-0.17115,0.092642,0.897
-0.17115,0.094212,0.897
-0.17153,0.10072,0.899
-0.17115,0.095782,0.897
-0.17115,0.097352,0.897
-0.23442,0.038273,0.911
-0.23442,0.039868,0.911
-0.23283,0.039868,0.911
-0.23283,0.038273,0.911
-0.23283,0.041462,0.911
-0.23442,0.043057,0.911
-0.23283,0.043057,0.911
-0.23442,0.044652,0.911
-0.23283,0.044652,0.911
-0.23442,0.046246,0.911
-0.23283,0.046246,0.911
-0.23072,0.038189,0.909
-0.23072,0.042963,0.909
-0.23072,0.03978,0.909
-0.23123,0.046246,0.911
-0.23123,0.041462,0.911
-0.23123,0.044652,0.911
-0.22913,0.046145,0.909
-0.23283,0.049436,0.911
-0.23123,0.047841,0.911
-0.23123,0.049436,0.911
-0.23123,0.051031,0.911
-0.22913,0.047736,0.909
-0.22913,0.049327,0.909
-0.22913,0.050919,0.909
-0.22964,0.05422,0.911
-0.22964,0.052625,0.911
-0.22804,0.055815,0.911
-0.23123,0.05422,0.911
-0.22804,0.05422,0.911
-0.23123,0.052625,0.911
-0.22754,0.049327,0.909
-0.22595,0.050919,0.909
-0.22754,0.050919,0.909
-0.22595,0.05251,0.909
-0.22436,0.05251,0.909
-0.22754,0.05251,0.909
-0.22118,0.054101,0.909
-0.22277,0.05251,0.909
-0.22277,0.054101,0.909
-0.22485,0.05422,0.911
-0.22645,0.05422,0.911
-0.22118,0.055692,0.909
-0.21959,0.055692,0.909
-0.218,0.057283,0.909
-0.218,0.058875,0.909
-0.22485,0.055815,0.911
-0.22645,0.055815,0.911
-0.22326,0.055815,0.911
-0.22645,0.057409,0.911
-0.22485,0.057409,0.911
-0.22326,0.057409,0.911
-0.22007,0.057409,0.911
-0.22166,0.057409,0.911
-0.22007,0.059004,0.911
-0.21847,0.060599,0.911
-0.2164,0.057283,0.909
-0.2164,0.058875,0.909
-0.21481,0.058875,0.909
-0.21481,0.060466,0.909
-0.21688,0.062194,0.911
-0.21688,0.060599,0.911
-0.21688,0.063788,0.911
-0.21369,0.065383,0.911
-0.21369,0.063788,0.911
-0.21529,0.063788,0.911
-0.21369,0.062194,0.911
-0.21529,0.062194,0.911
-0.21529,0.065383,0.911
-0.21322,0.060466,0.909
-0.21322,0.058875,0.909
-0.21163,0.060466,0.909
-0.21004,0.062057,0.909
-0.21163,0.062057,0.909
-0.21163,0.063648,0.909
-0.2121,0.065383,0.911
-0.21004,0.063648,0.909
-0.21004,0.065239,0.909
-0.20845,0.065239,0.909
-0.21529,0.068572,0.911
-0.21529,0.071762,0.911
-0.21369,0.070167,0.911
-0.2121,0.070167,0.911
-0.2121,0.071762,0.911
-0.21529,0.066978,0.911
-0.21369,0.071762,0.911
-0.21369,0.068572,0.911
-0.21369,0.066978,0.911
-0.2121,0.066978,0.911
-0.20845,0.066831,0.909
-0.21004,0.066831,0.909
-0.20845,0.070013,0.909
-0.21004,0.071604,0.909
-0.21163,0.068422,0.909
-0.21004,0.068422,0.909
-0.21004,0.070013,0.909
-0.20845,0.068422,0.909
-0.20845,0.071604,0.909
-0.20686,0.071604,0.909
-0.20527,0.071604,0.909
-0.1989,0.070013,0.909
-0.20527,0.070013,0.909
-0.19572,0.071604,0.909
-0.20686,0.070013,0.909
-0.19731,0.071604,0.909
-0.1989,0.071604,0.909
-0.24212,0.04169,0.916
-0.24212,0.040086,0.916
-0.24212,0.038483,0.916
-0.24052,0.038483,0.916
-0.24052,0.04169,0.916
-0.24052,0.040086,0.916
-0.23839,0.041599,0.914
-0.23839,0.038399,0.914
-0.23839,0.039999,0.914
-0.23839,0.043199,0.914
-0.23839,0.044799,0.914
-0.24052,0.044897,0.916
-0.24052,0.043293,0.916
-0.24212,0.043293,0.916
-0.23731,0.054518,0.916
-0.23731,0.048104,0.916
-0.23679,0.039999,0.914
-0.23679,0.046399,0.914
-0.23519,0.047999,0.914
-0.23359,0.047999,0.914
-0.23679,0.044799,0.914
-0.23679,0.043199,0.914
-0.23519,0.041599,0.914
-0.23679,0.038399,0.914
-0.23679,0.041599,0.914
-0.23571,0.049707,0.916
-0.23571,0.051311,0.916
-0.23571,0.056121,0.916
-0.23571,0.052914,0.916
-0.2341,0.056121,0.916
-0.23359,0.054399,0.914
-0.23039,0.055999,0.914
-0.23359,0.052799,0.914
-0.23359,0.051199,0.914
-0.23199,0.055999,0.914
-0.23039,0.057598,0.914
-0.23571,0.057725,0.916
-0.2341,0.057725,0.916
-0.2341,0.059328,0.916
-0.2325,0.057725,0.916
-0.2325,0.059328,0.916
-0.2309,0.059328,0.916
-0.22399,0.059198,0.914
-0.22239,0.059198,0.914
-0.22879,0.057598,0.914
-0.22719,0.059198,0.914
-0.22559,0.059198,0.914
-0.22929,0.059328,0.916
-0.22399,0.060798,0.914
-0.22239,0.060798,0.914
-0.22079,0.060798,0.914
-0.21919,0.062398,0.914
-0.22929,0.060931,0.916
-0.22609,0.060931,0.916
-0.22448,0.062535,0.916
-0.22769,0.060931,0.916
-0.22128,0.062535,0.916
-0.22288,0.062535,0.916
-0.21919,0.065598,0.914
-0.21919,0.063998,0.914
-0.21919,0.071998,0.914
-0.21759,0.065598,0.914
-0.21759,0.067198,0.914
-0.21759,0.068798,0.914
-0.21759,0.070398,0.914
-0.21599,0.070398,0.914
-0.21759,0.071998,0.914
-0.22448,0.065742,0.916
-0.22288,0.065742,0.916
-0.22128,0.065742,0.916
-0.22288,0.064138,0.916
-0.22128,0.064138,0.916
-0.22448,0.064138,0.916
-0.22288,0.067345,0.916
-0.21967,0.067345,0.916
-0.22448,0.067345,0.916
-0.22128,0.067345,0.916
-0.21967,0.068949,0.916
-0.22128,0.068949,0.916
-0.22128,0.070552,0.916
-0.21967,0.070552,0.916
-0.22128,0.072156,0.916
-0.20845,0.073195,0.909
-0.20686,0.073195,0.909
-0.20686,0.074787,0.909
-0.20845,0.074787,0.909
-0.20845,0.077969,0.909
-0.20845,0.076378,0.909
-0.20686,0.076378,0.909
-0.20527,0.073195,0.909
-0.20527,0.074787,0.909
-0.20367,0.073195,0.909
-0.20367,0.074787,0.909
-0.20367,0.076378,0.909
-0.20208,0.076378,0.909
-0.20208,0.074787,0.909
-0.20208,0.077969,0.909
-0.21369,0.074951,0.911
-0.2121,0.074951,0.911
-0.2121,0.079735,0.911
-0.2121,0.078141,0.911
-0.2121,0.073356,0.911
-0.21369,0.073356,0.911
-0.21369,0.076546,0.911
-0.2121,0.076546,0.911
-0.2105,0.073356,0.911
-0.2105,0.076546,0.911
-0.2105,0.074951,0.911
-0.2105,0.079735,0.911
-0.2105,0.078141,0.911
-0.20572,0.076546,0.911
-0.20731,0.078141,0.911
-0.20572,0.078141,0.911
-0.20412,0.078141,0.911
-0.20891,0.079735,0.911
-0.20572,0.079735,0.911
-0.20731,0.079735,0.911
-0.20412,0.079735,0.911
-0.20253,0.08133,0.911
-0.20253,0.079735,0.911
-0.21759,0.073598,0.914
-0.21759,0.075198,0.914
-0.21599,0.073598,0.914
-0.21599,0.075198,0.914
-0.21759,0.076798,0.914
-0.21599,0.076798,0.914
-0.21439,0.079998,0.914
-0.21599,0.079998,0.914
-0.20479,0.081598,0.914
-0.20959,0.081598,0.914
-0.20799,0.084798,0.914
-0.20319,0.083198,0.914
-0.20799,0.083198,0.914
-0.20479,0.084798,0.914
-0.20959,0.083198,0.914
-0.20479,0.083198,0.914
-0.20799,0.081598,0.914
-0.20639,0.083198,0.914
-0.20639,0.081598,0.914
-0.20319,0.084798,0.914
-0.20639,0.084798,0.914
-0.21647,0.078569,0.916
-0.21967,0.075363,0.916
-0.21967,0.076966,0.916
-0.21967,0.073759,0.916
-0.21807,0.080173,0.916
-0.21807,0.078569,0.916
-0.21486,0.078569,0.916
-0.21166,0.08338,0.916
-0.21326,0.081776,0.916
-0.21166,0.081776,0.916
-0.20319,0.087998,0.914
-0.20319,0.086398,0.914
-0.20319,0.089598,0.914
-0.20319,0.091198,0.914
-0.20479,0.094398,0.914
-0.20319,0.094398,0.914
-0.20319,0.095997,0.914
-0.20479,0.095997,0.914
-0.20319,0.097597,0.914
-0.21005,0.084983,0.916
-0.20685,0.08819,0.916
-0.20685,0.094604,0.916
-0.20685,0.096208,0.916
-0.20524,0.089794,0.916
-0.20524,0.086587,0.916
-0.20364,0.093001,0.916
-0.20524,0.097811,0.916
-0.21166,0.084983,0.916
-0.21005,0.086587,0.916
-0.20845,0.086587,0.916
-0.20524,0.08819,0.916
-0.20685,0.086587,0.916
-0.20685,0.089794,0.916
-0.20524,0.093001,0.916
-0.20524,0.091397,0.916
-0.20093,0.084519,0.911
-0.20093,0.087709,0.911
-0.20093,0.08133,0.911
-0.20093,0.082925,0.911
-0.20093,0.086114,0.911
-0.20093,0.089304,0.911
-0.20093,0.092493,0.911
-0.20093,0.090898,0.911
-0.20093,0.095682,0.911
-0.20093,0.094088,0.911
-0.20159,0.097597,0.914
-0.20049,0.077969,0.909
-0.20049,0.073195,0.909
-0.20049,0.076378,0.909
-0.20049,0.074787,0.909
-0.20049,0.07956,0.909
-0.1989,0.073195,0.909
-0.1989,0.074787,0.909
-0.1989,0.076378,0.909
-0.1989,0.082743,0.909
-0.1989,0.081151,0.909
-0.1989,0.07956,0.909
-0.1989,0.077969,0.909
-0.19934,0.084519,0.911
-0.19934,0.089304,0.911
-0.19934,0.092493,0.911
-0.19934,0.095682,0.911
-0.19934,0.094088,0.911
-0.19934,0.087709,0.911
-0.19934,0.086114,0.911
-0.19934,0.090898,0.911
-0.19934,0.097277,0.911
-0.19731,0.073195,0.909
-0.19572,0.073195,0.909
-0.19731,0.074787,0.909
-0.19731,0.076378,0.909
-0.19572,0.074787,0.909
-0.19731,0.082743,0.909
-0.19731,0.081151,0.909
-0.19731,0.077969,0.909
-0.19572,0.082743,0.909
-0.19572,0.081151,0.909
-0.19572,0.077969,0.909
-0.19572,0.07956,0.909
-0.19774,0.098872,0.911
-0.19774,0.090898,0.911
-0.19774,0.087709,0.911
-0.19774,0.097277,0.911
-0.19774,0.084519,0.911
-0.19774,0.089304,0.911
-0.19774,0.094088,0.911
-0.19774,0.092493,0.911
-0.19774,0.086114,0.911
-0.19774,0.095682,0.911
-0.19615,0.090898,0.911
-0.19615,0.089304,0.911
-0.19615,0.086114,0.911
-0.19615,0.084519,0.911
-0.19615,0.087709,0.911
-0.19615,0.094088,0.911
-0.19615,0.095682,0.911
-0.19615,0.097277,0.911
-0.19615,0.098872,0.911
-0.19679,0.092798,0.914
-0.19679,0.1008,0.914
-0.19254,0.090699,0.909
-0.19094,0.09229,0.909
-0.18458,0.10343,0.909
-0.1814,0.10184,0.909
-0.18299,0.10343,0.909
-0.18458,0.10184,0.909
-0.19413,0.085925,0.909
-0.19094,0.093881,0.909
-0.19254,0.093881,0.909
-0.19254,0.095472,0.909
-0.18935,0.10025,0.909
-0.18299,0.10184,0.909
-0.19413,0.087516,0.909
-0.19254,0.097064,0.909
-0.18935,0.097064,0.909
-0.19094,0.097064,0.909
-0.18299,0.10025,0.909
-0.18776,0.10025,0.909
-0.19254,0.089107,0.909
-0.19094,0.095472,0.909
-0.18935,0.098655,0.909
-0.18458,0.10025,0.909
-0.18935,0.10184,0.909
-0.18299,0.10502,0.909
-0.18617,0.10184,0.909
-0.19455,0.095682,0.911
-0.19136,0.098872,0.911
-0.19136,0.10206,0.911
-0.19296,0.092493,0.911
-0.19296,0.098872,0.911
-0.19136,0.10047,0.911
-0.19136,0.10366,0.911
-0.19455,0.089304,0.911
-0.19455,0.094088,0.911
-0.19455,0.098872,0.911
-0.19455,0.090898,0.911
-0.19455,0.097277,0.911
-0.19455,0.092493,0.911
-0.19136,0.10525,0.911
-0.19317,0.10058,0.912
-0.19498,0.10069,0.913
-0.24613,0.041826,0.919
-0.24613,0.038609,0.919
-0.24613,0.040218,0.919
-0.24613,0.043435,0.919
-0.24452,0.040218,0.919
-0.24452,0.041826,0.919
-0.24452,0.038609,0.919
-0.24452,0.043435,0.919
-0.24452,0.045044,0.919
-0.24452,0.046653,0.919
-0.24292,0.045044,0.919
-0.24292,0.053087,0.919
-0.24292,0.051479,0.919
-0.24292,0.046653,0.919
-0.24292,0.048261,0.919
-0.24131,0.046653,0.919
-0.2397,0.048261,0.919
-0.23809,0.04987,0.919
-0.2397,0.046653,0.919
-0.24131,0.048261,0.919
-0.2397,0.04987,0.919
-0.24131,0.054696,0.919
-0.24131,0.051479,0.919
-0.24131,0.053087,0.919
-0.2397,0.051479,0.919
-0.2397,0.054696,0.919
-0.2397,0.053087,0.919
-0.23809,0.053087,0.919
-0.23809,0.051479,0.919
-0.23648,0.054696,0.919
-0.2515,0.038693,0.921
-0.2515,0.041917,0.921
-0.25473,0.038693,0.921
-0.25312,0.038693,0.921
-0.25312,0.041917,0.921
-0.24989,0.041917,0.921
-0.24989,0.038693,0.921
-0.24828,0.038693,0.921
-0.24828,0.041917,0.921
-0.25312,0.04353,0.921
-0.25473,0.04353,0.921
-0.2515,0.04353,0.921
-0.24989,0.04353,0.921
-0.24828,0.04353,0.921
-0.24828,0.046754,0.921
-0.24828,0.045142,0.921
-0.24989,0.045142,0.921
-0.24828,0.051591,0.921
-0.24344,0.049979,0.921
-0.24506,0.051591,0.921
-0.24667,0.053203,0.921
-0.24667,0.045142,0.921
-0.24506,0.048366,0.921
-0.24667,0.051591,0.921
-0.24344,0.054815,0.921
-0.24183,0.049979,0.921
-0.24667,0.046754,0.921
-0.24667,0.049979,0.921
-0.24506,0.054815,0.921
-0.24667,0.048366,0.921
-0.24506,0.049979,0.921
-0.24667,0.054815,0.921
-0.24506,0.053203,0.921
-0.24131,0.056305,0.919
-0.24667,0.056427,0.921
-0.24506,0.056427,0.921
-0.24506,0.05804,0.921
-0.24183,0.05804,0.921
-0.24344,0.05804,0.921
-0.24344,0.056427,0.921
-0.24344,0.061264,0.921
-0.24506,0.061264,0.921
-0.24022,0.061264,0.921
-0.24022,0.064488,0.921
-0.24183,0.061264,0.921
-0.24022,0.062876,0.921
-0.24183,0.062876,0.921
-0.2397,0.056305,0.919
-0.23809,0.057914,0.919
-0.23648,0.061131,0.919
-0.23648,0.059522,0.919
-0.2397,0.057914,0.919
-0.23809,0.056305,0.919
-0.23809,0.059522,0.919
-0.23809,0.061131,0.919
-0.23861,0.064488,0.921
-0.23861,0.062876,0.921
-0.23538,0.067713,0.921
-0.23699,0.062876,0.921
-0.23699,0.064488,0.921
-0.23538,0.064488,0.921
-0.23538,0.066101,0.921
-0.23326,0.061131,0.919
-0.23165,0.064348,0.919
-0.22844,0.06274,0.919
-0.23005,0.064348,0.919
-0.22844,0.069175,0.919
-0.22361,0.069175,0.919
-0.23487,0.061131,0.919
-0.23487,0.06274,0.919
-0.22844,0.064348,0.919
-0.23005,0.067566,0.919
-0.22844,0.067566,0.919
-0.22683,0.065957,0.919
-0.23005,0.06274,0.919
-0.23165,0.06274,0.919
-0.22683,0.06274,0.919
-0.23326,0.06274,0.919
-0.23326,0.064348,0.919
-0.22683,0.064348,0.919
-0.23165,0.065957,0.919
-0.23165,0.067566,0.919
-0.23005,0.065957,0.919
-0.22522,0.069175,0.919
-0.22683,0.067566,0.919
-0.22844,0.065957,0.919
-0.22683,0.069175,0.919
-0.23055,0.069325,0.921
-0.23216,0.069325,0.921
-0.23377,0.066101,0.921
-0.23377,0.069325,0.921
-0.23377,0.067713,0.921
-0.25528,0.042009,0.923
-0.2569,0.042009,0.923
-0.2569,0.043624,0.923
-0.25528,0.04524,0.923
-0.25367,0.04524,0.923
-0.25367,0.046856,0.923
-0.25044,0.046856,0.923
-0.25044,0.048471,0.923
-0.25205,0.046856,0.923
-0.25205,0.04524,0.923
-0.25449,0.05025,0.926
-0.25449,0.048629,0.926
-0.25611,0.047008,0.926
-0.25611,0.048629,0.926
-0.25287,0.05025,0.926
-0.25287,0.048629,0.926
-0.25125,0.05025,0.926
-0.25125,0.051871,0.926
-0.25125,0.053492,0.926
-0.25125,0.058355,0.926
-0.25667,0.051983,0.928
-0.25667,0.053607,0.928
-0.25504,0.055232,0.928
-0.25342,0.056856,0.928
-0.25667,0.050358,0.928
-0.25504,0.053607,0.928
-0.25342,0.051983,0.928
-0.25179,0.056856,0.928
-0.25342,0.055232,0.928
-0.25504,0.051983,0.928
-0.25829,0.051983,0.928
-0.25342,0.053607,0.928
-0.25179,0.055232,0.928
-0.25342,0.058481,0.928
-0.25504,0.058481,0.928
-0.25017,0.06173,0.928
-0.24882,0.050087,0.923
-0.24882,0.05655,0.923
-0.24882,0.058166,0.923
-0.24882,0.048471,0.923
-0.24882,0.054934,0.923
-0.24882,0.053319,0.923
-0.2472,0.058166,0.923
-0.24397,0.063013,0.923
-0.24397,0.064628,0.923
-0.24236,0.064628,0.923
-0.24074,0.066244,0.923
-0.23913,0.066244,0.923
-0.23751,0.06786,0.923
-0.23751,0.066244,0.923
-0.23589,0.069476,0.923
-0.24205,0.068228,0.928
-0.2399,0.06808,0.926
-0.24205,0.069852,0.928
-0.24042,0.069852,0.928
-0.23828,0.069701,0.926
-0.22683,0.070783,0.919
-0.22683,0.072392,0.919
-0.22683,0.074001,0.919
-0.22522,0.070783,0.919
-0.22522,0.072392,0.919
-0.22522,0.074001,0.919
-0.22361,0.070783,0.919
-0.22361,0.072392,0.919
-0.22361,0.074001,0.919
-0.222,0.074001,0.919
-0.23377,0.070937,0.921
-0.23216,0.070937,0.921
-0.23216,0.07255,0.921
-0.23377,0.07255,0.921
-0.23216,0.074162,0.921
-0.22893,0.070937,0.921
-0.23055,0.07255,0.921
-0.23055,0.074162,0.921
-0.23055,0.070937,0.921
-0.22893,0.074162,0.921
-0.22893,0.07255,0.921
-0.23589,0.072707,0.923
-0.23589,0.071091,0.923
-0.23428,0.074323,0.923
-0.23428,0.075938,0.923
-0.23216,0.075774,0.921
-0.23055,0.075774,0.921
-0.22893,0.075774,0.921
-0.22732,0.075774,0.921
-0.22732,0.077386,0.921
-0.22893,0.077386,0.921
-0.23428,0.077554,0.923
-0.23266,0.077554,0.923
-0.23105,0.077554,0.923
-0.22943,0.07917,0.923
-0.22782,0.07917,0.923
-0.22782,0.080786,0.923
-0.22361,0.077218,0.919
-0.22361,0.075609,0.919
-0.22522,0.077218,0.919
-0.22522,0.075609,0.919
-0.222,0.077218,0.919
-0.222,0.075609,0.919
-0.22571,0.078998,0.921
-0.2241,0.078998,0.921
-0.22249,0.078998,0.921
-0.2262,0.080786,0.923
-0.22458,0.080786,0.923
-0.22297,0.080786,0.923
-0.24042,0.071476,0.928
-0.2388,0.071476,0.928
-0.2388,0.073101,0.928
-0.24042,0.073101,0.928
-0.2388,0.074725,0.928
-0.24042,0.07635,0.928
-0.24042,0.074725,0.928
-0.2388,0.07635,0.928
-0.2388,0.077974,0.928
-0.23666,0.076185,0.926
-0.23717,0.074725,0.928
-0.23717,0.077974,0.928
-0.23555,0.081223,0.928
-0.23392,0.081223,0.928
-0.23018,0.081048,0.926
-0.2318,0.081048,0.926
-0.22531,0.082669,0.926
-0.2323,0.082848,0.928
-0.23067,0.082848,0.928
-0.22905,0.082848,0.928
-0.22742,0.082848,0.928
-0.22418,0.082848,0.928
-0.22905,0.084472,0.928
-0.2258,0.084472,0.928
-0.22742,0.084472,0.928
-0.2258,0.086097,0.928
-0.22418,0.084472,0.928
-0.22255,0.084472,0.928
-0.22255,0.086097,0.928
-0.22087,0.080611,0.921
-0.22039,0.078827,0.919
-0.22135,0.082401,0.923
-0.21974,0.084017,0.923
-0.21974,0.085633,0.923
-0.21974,0.087248,0.923
-0.21974,0.088864,0.923
-0.21974,0.09048,0.923
-0.21926,0.082223,0.921
-0.21812,0.088864,0.923
-0.21812,0.087248,0.923
-0.21812,0.09048,0.923
-0.21765,0.083835,0.921
-0.21765,0.085447,0.921
-0.21883,0.092395,0.926
-0.21883,0.095637,0.926
-0.21883,0.094016,0.926
-0.22093,0.094219,0.928
-0.22093,0.092594,0.928
-0.22093,0.095843,0.928
-0.22093,0.097468,0.928
-0.2193,0.097468,0.928
-0.21768,0.10397,0.928
-0.21768,0.099092,0.928
-0.21768,0.10072,0.928
-0.21768,0.10234,0.928
-0.21718,0.082044,0.919
-0.21557,0.085262,0.919
-0.21557,0.082044,0.919
-0.21557,0.083653,0.919
-0.21651,0.092096,0.923
-0.21604,0.087059,0.921
-0.21604,0.090284,0.921
-0.21604,0.088672,0.921
-0.21442,0.090284,0.921
-0.21442,0.088672,0.921
-0.21442,0.091896,0.921
-0.21651,0.096943,0.923
-0.21651,0.093711,0.923
-0.21651,0.095327,0.923
-0.21559,0.1005,0.926
-0.21605,0.10397,0.928
-0.21605,0.10234,0.928
-0.21605,0.10559,0.928
-0.21489,0.098558,0.923
-0.21442,0.093508,0.921
-0.21442,0.09512,0.921
-0.21442,0.096733,0.921
-0.21074,0.093305,0.919
-0.21074,0.091696,0.919
-0.21074,0.088479,0.919
-0.21074,0.096523,0.919
-0.20913,0.090088,0.919
-0.21396,0.08687,0.919
-0.20752,0.091696,0.919
-0.20913,0.093305,0.919
-0.20913,0.094914,0.919
-0.20752,0.098131,0.919
-0.21396,0.083653,0.919
-0.21396,0.085262,0.919
-0.21235,0.08687,0.919
-0.21235,0.088479,0.919
-0.20913,0.088479,0.919
-0.21074,0.090088,0.919
-0.20752,0.093305,0.919
-0.21074,0.094914,0.919
-0.20913,0.091696,0.919
-0.20913,0.096523,0.919
-0.20591,0.09974,0.919
-0.21281,0.090284,0.921
-0.21281,0.093508,0.921
-0.21281,0.098345,0.921
-0.21281,0.091896,0.921
-0.21281,0.09512,0.921
-0.21281,0.096733,0.921
-0.21327,0.10017,0.923
-0.21327,0.10179,0.923
-0.21397,0.10374,0.926
-0.2128,0.10721,0.928
-0.21166,0.10017,0.923
-0.21166,0.10341,0.923
-0.21166,0.10179,0.923
-0.21235,0.10536,0.926
-0.20959,0.099957,0.921
-0.20798,0.099957,0.921
-0.2112,0.098345,0.921
-0.20959,0.098345,0.921
-0.20798,0.10157,0.921
-0.20959,0.10157,0.921
-0.20798,0.10318,0.921
-0.20959,0.10318,0.921
-0.25912,0.053781,0.931
-0.25912,0.05541,0.931
-0.26401,0.05867,0.931
-0.25587,0.05704,0.931
-0.24446,0.068448,0.931
-0.24446,0.070078,0.931
-0.24283,0.071708,0.931
-0.2575,0.05541,0.931
-0.24446,0.071708,0.931
-0.2575,0.05704,0.931
-0.26238,0.05704,0.931
-0.26238,0.05867,0.931
-0.25912,0.05867,0.931
-0.26075,0.05867,0.931
-0.24446,0.074967,0.931
-0.24283,0.074967,0.931
-0.23794,0.081486,0.931
-0.23957,0.081486,0.931
-0.23142,0.084745,0.931
-0.23142,0.086375,0.931
-0.2249,0.086375,0.931
-0.23305,0.084745,0.931
-0.22979,0.086375,0.931
-0.22816,0.086375,0.931
-0.24283,0.076597,0.931
-0.24446,0.076597,0.931
-0.2412,0.078226,0.931
-0.23631,0.084745,0.931
-0.23468,0.083116,0.931
-0.24446,0.073337,0.931
-0.24283,0.073337,0.931
-0.24283,0.078226,0.931
-0.23794,0.083116,0.931
-0.23631,0.083116,0.931
-0.26131,0.057163,0.933
-0.25968,0.057163,0.933
-0.25805,0.058796,0.933
-0.24008,0.083294,0.933
-0.24498,0.078394,0.933
-0.23845,0.084927,0.933
-0.23518,0.084927,0.933
-0.23355,0.086561,0.933
-0.24085,0.0852,0.936
-0.23758,0.086839,0.936
-0.23594,0.086839,0.936
-0.2249,0.088005,0.931
-0.23142,0.088005,0.931
-0.22979,0.088005,0.931
-0.22979,0.089634,0.931
-0.22816,0.088005,0.931
-0.22653,0.089634,0.931
-0.2249,0.096153,0.931
-0.22327,0.096153,0.931
-0.2249,0.094524,0.931
-0.2249,0.091264,0.931
-0.22653,0.091264,0.931
-0.2249,0.089634,0.931
-0.22327,0.094524,0.931
-0.22327,0.089634,0.931
-0.22327,0.092894,0.931
-0.22816,0.089634,0.931
-0.22816,0.091264,0.931
-0.22653,0.088005,0.931
-0.2249,0.092894,0.931
-0.22327,0.088005,0.931
-0.22327,0.091264,0.931
-0.23594,0.088477,0.936
-0.23758,0.088477,0.936
-0.23594,0.090116,0.936
-0.2343,0.091754,0.936
-0.23355,0.088194,0.933
-0.23355,0.089827,0.933
-0.23266,0.093393,0.936
-0.23192,0.09146,0.933
-0.23192,0.089827,0.933
-0.23028,0.09146,0.933
-0.22702,0.093093,0.933
-0.22865,0.093093,0.933
-0.22865,0.094727,0.933
-0.22702,0.094727,0.933
-0.23102,0.095031,0.936
-0.23102,0.093393,0.936
-0.2249,0.097783,0.931
-0.2249,0.099413,0.931
-0.22865,0.09636,0.933
-0.22702,0.09636,0.933
-0.22702,0.097993,0.933
-0.22538,0.10126,0.933
-0.22538,0.10289,0.933
-0.22939,0.10322,0.936
-0.22939,0.098308,0.936
-0.22939,0.10159,0.936
-0.22939,0.10486,0.936
-0.22939,0.099947,0.936
-0.22775,0.10322,0.936
-0.22775,0.10159,0.936
-0.22775,0.10486,0.936
-0.22611,0.10486,0.936
-0.22327,0.099413,0.931
-0.22327,0.097783,0.931
-0.22001,0.10267,0.931
-0.22327,0.10104,0.931
-0.22164,0.10104,0.931
-0.22001,0.10104,0.931
-0.22164,0.10267,0.931
-0.22375,0.10289,0.933
-0.22375,0.10453,0.933
-0.22212,0.10453,0.933
-0.22048,0.10453,0.933
-0.21885,0.10616,0.933
-0.22048,0.10616,0.933
-0.22447,0.1065,0.936
-0.22447,0.10814,0.936
-0.24379,0.087303,0.941
-0.24544,0.08895,0.941
-0.24379,0.08895,0.941
-0.24327,0.085473,0.939
-0.24214,0.08895,0.941
-0.23998,0.087117,0.939
-0.23998,0.088761,0.939
-0.24163,0.087117,0.939
-0.23998,0.090405,0.939
-0.23998,0.092048,0.939
-0.24049,0.093892,0.941
-0.24049,0.095539,0.941
-0.23834,0.090405,0.939
-0.23834,0.092048,0.939
-0.2367,0.092048,0.939
-0.23834,0.095336,0.939
-0.2367,0.095336,0.939
-0.23834,0.093692,0.939
-0.2367,0.093692,0.939
-0.23505,0.093692,0.939
-0.23505,0.095336,0.939
-0.23341,0.095336,0.939
-0.24918,0.091367,0.949
-0.24918,0.093029,0.949
-0.25084,0.091367,0.949
-0.25251,0.093029,0.949
-0.25084,0.093029,0.949
-0.24622,0.090886,0.944
-0.24291,0.090886,0.944
-0.24457,0.090886,0.944
-0.24674,0.092735,0.946
-0.24291,0.092538,0.944
-0.24457,0.092538,0.944
-0.25718,0.095189,0.954
-0.25885,0.095189,0.954
-0.2533,0.094989,0.952
-0.25497,0.094989,0.952
-0.25164,0.094989,0.952
-0.24674,0.09439,0.946
-0.24918,0.09469,0.949
-0.24752,0.096351,0.949
-0.24291,0.094191,0.944
-0.24508,0.09439,0.946
-0.24343,0.096046,0.946
-0.24508,0.096046,0.946
-0.2372,0.097186,0.941
-0.23885,0.097186,0.941
-0.23555,0.098833,0.941
-0.23505,0.096979,0.939
-0.23391,0.10213,0.941
-0.23391,0.10377,0.941
-0.23961,0.099148,0.944
-0.24126,0.097496,0.944
-0.23796,0.099148,0.944
-0.23176,0.10355,0.939
-0.23176,0.1052,0.939
-0.23176,0.10191,0.939
-0.22848,0.10684,0.939
-0.22848,0.10849,0.939
-0.23176,0.098623,0.939
-0.23176,0.096979,0.939
-0.23341,0.098623,0.939
-0.23341,0.096979,0.939
-0.22683,0.10684,0.939
-0.22683,0.10849,0.939
-0.25384,0.098529,0.954
-0.2533,0.096656,0.952
-0.25164,0.096656,0.952
-0.25217,0.098529,0.954
-0.26188,0.099045,0.959
-0.24997,0.096656,0.952
-0.24586,0.098012,0.949
-0.2442,0.098012,0.949
-0.24997,0.098322,0.952
-0.2483,0.098322,0.952
-0.24177,0.099358,0.946
-0.24586,0.099674,0.949
-0.2442,0.099674,0.949
-0.24012,0.10101,0.946
-0.2505,0.1002,0.954
-0.25217,0.1002,0.954
-0.2483,0.099989,0.952
-0.2442,0.10133,0.949
-0.24254,0.10133,0.949
-0.24664,0.10166,0.952
-0.23846,0.10267,0.946
-0.24254,0.103,0.949
-0.24088,0.103,0.949
