0.987567913294
1.02173130282
1.03762083738
1.0869637922
1.14787895012
1.15596497134
0.983213464106
0.960004265807
0.932398260016
1.15805325709
0.973772291254
1.24103531935
1.11168850969
1.21506397714
0.887936039692
0.876353290488
1.28835563518
0.969649466406
0.886475260246
0.883130186625
0.907346939891
1.07482603835
0.969012507094
1.08427924193
1.19743654848
1.24282016878
1.27350111874
0.973910847739
1.10637185877
0.897808274112
0.982970706028
0.885048952978
1.26400811877
1.24995969645
0.866812440659
0.860888337035
0.891169063173
1.31045937455
1.02210262123
0.977345622803
1.12904952547
1.09079851894
1.19549636154
0.992489448106
1.21691077165
1.18883330708
1.05410272882
0.873709566427
0.941046341565
0.941046341565
0.957923225174
1.30796549579
0.857109424362
1.06315830906
1.16624985819
0.955780461028
1.30003626342
1.05826819539
1.25680744311
1.38494640218
1.35293616261
0.942020906075
0.949377442099
1.35220650148
1.02333427084
0.901613605445
0.871861380421
1.01019704865
0.855152387532
1.03581487176
0.944175449592
1.03364987219
0.92516795804
1.12420657434
0.987131887843
1.18581931497
1.07582197457
0.9844791627
1.2244149603
1.17780096631
0.945630275368
0.961774821242
0.874944801803
1.00019978697
1.03322591749
0.92120137016
0.857608466545
1.09276599686
1.23733005509
1.27240711219
1.26844300077
0.991364512512
0.983255325544
0.976517241159
1.18856692618
0.998766216862
1.13015967609
1.29180418002
1.02919593987
1.09984848509
0.870488679822
1.04856263188
0.956228167951
0.876124063124
0.846226072164
1.08914669978
1.15333694666
0.881931716881
1.16447561652
0.858525654365
0.86282409764
1.10821629294
1.06218683369
0.94459178889
1.21068886122
0.866702659406
1.16299347737
1.24601721149
1.26029033334
1.16046213954
0.96022226675
1.07195346024
1.25945207085
1.12436783409
1.17660564086
1.02764970877
1.06886791997
1.05774403872
1.10819682768
0.919043492072
0.899946892127
1.01837403015
0.985275509216
0.980824170882
1.09509416285
1.05800652569
0.871943423401
1.27269552802
0.951440026411
1.05905788655
0.98614168383
1.19190091104
1.01889751374
1.31383904431
0.901607276584
0.950308931642
1.14986584043
0.896849377636
0.912890851966
1.07063395132
1.15242741327
1.05424630466
0.950307592206
0.933129015912
1.02506346693
1.15071307713
1.37077407572
1.02135675539
1.31511437954
1.02356213129
1.08656533296
0.984489237031
1.05248029907
1.14797359351
0.915801434629
1.34972359524
1.12010392599
0.926353963148
0.875898156752
1.1302902628
1.05567129263
1.2408643289
0.874179064656
1.01072365889
1.30455276575
1.06330514163
1.08380895847
1.05927719664
1.03595303174
1.08754276045
1.00000328552
1.11007682343
0.977269653596
1.00544819555
0.969671727913
0.991379179925
1.36652234034
1.08705042753
1.12821523417
0.982566417084
1.04989165919
1.20027892132
1.01180932281
1.30333393233
0.969160656652
1.12319234248
0.953625443821
1.05875987689
0.926081881764
0.943735117834
0.85939683604
0.979282516083
0.900526221561
0.851639694789
0.973103008489
0.956864189374
1.17252818838
1.00420212241
0.894010607216
0.94363486118
0.91061834815
0.880647197015
1.05471096553
1.00507805851
1.10647171997
0.955580165316
0.939369878696
1.17554553887
1.24247816455
0.939485520303
0.89976775568
0.874820097947
0.885689195163
1.00208383126
1.28453338546
0.869786950637
1.22181046098
1.22792652563
1.14365373068
1.00909205923
0.952324929943
1.18035414502
1.03649169172
0.979044284946
1.02618328192
0.869682777057
0.946979841594
1.21204457313
1.05200666588
0.990014127314
1.18525151979
0.944955075246
1.32619774249
1.144504019
0.96656909167
1.22071344217
1.05022000636
1.06749122508
0.886010752557
1.03019120364
1.04739972234
1.13210490469
1.25253531843
1.08705041721
1.33171793817
0.929539061632
1.32610602467
1.09180664295
0.889487931796
1.01743107253
1.13500665477
1.26678468554
1.16448614486
1.22306348662
1.36111740059
1.11116973238
1.12253231715
1.21146194604
0.983190597063
1.02155486565
1.04151956635
1.31709060087
1.09073586288
0.940074813036
1.04815814983
1.00794729125
1.02379877883
0.919010609021
0.961425473333
1.18341348805
1.16064827034
1.26194496923
0.920997579197
1.03364300174
0.893137058902
1.18396611102
1.24344551092
1.27694552797
0.911878562765
0.939802625313
1.08270734182
0.980665248499
0.997596727744
1.19632410358
0.867805774061
1.30783362752
0.901225680262
1.0737075573
1.07023451241
1.09408940526
0.905312512623
0.941173577857
0.906374401566
0.865590157311
1.1027426338
1.00026571326
1.27139560689
0.884932137464
0.853804748165
1.29308939475
1.21998720926
1.09949271025
0.853915008093
1.21278153918
1.31892042418
0.926365937919
1.28274631829
0.96202009505
0.948550783833
1.04847966344
1.3196434552
0.994719866023
1.13325573339
1.17404702135
0.961461936135
1.30865061701
0.894785950384
0.955755154749
1.08303840462
0.9397795848
0.892185139718
0.902152266636
1.14668679333
1.08897946758
1.0923480761
0.989033127757
1.21525604454
1.04110045192
1.17396598921
1.152790831
1.17516809134
1.37364151743
0.929513524575
0.997194720193
0.93134909745
1.14991434044
0.863433417998
1.33848036617
0.993315741473
1.00278245294
1.34694229815
0.954012022959
1.19119209698
1.02764724942
0.893292227313
1.00196775258
0.900144961043
0.955905253414
0.978192011914
1.0118304574
1.20982198487
0.889313255482
1.06098913911
1.0646436573
1.11431688986
0.913556239769
1.06021205578
1.10315193232
0.955637479803
0.95289202618
1.33603792337
0.915751693463
0.923274588808
1.16137557323
1.15695489463
1.26866200875
1.03765294439
0.92766197901
1.06155161977
0.880247121207
1.31368506865
1.31920012907
1.0429918021
1.09632813002
0.90729783443
1.29672422669
1.18290539417
0.883562935081
1.22107981152
0.911119437991
1.12770309605
0.885903871093
1.22296468906
1.30545219688
0.907150827545
1.01755246851
1.21919115882
0.868425320874
1.02828118598
1.26387891347
1.15171860164
1.2784023997
1.20503217809
0.997036843869
1.31906359336
1.06312567807
1.03139273031
0.958366536133
0.995692456114
0.941702246669
1.19044703488
1.05086549412
1.04793391792
0.863884410932
1.17842430709
1.228365323
1.03699017472
1.05579433291
0.907777114493
0.958305245387
0.978184498371
0.962953811462
1.06321206258
1.23169732981
1.17436947666
0.860416616574
0.958615433363
0.983158391634
0.938736497342
1.2475780858
1.02892604049
1.15259285951
1.06362398267
1.065297465
1.19893592697
0.994136099285
0.894713604343
1.03672407713
0.9623312884
1.06165148116
1.14392330118
0.970073590314
1.08568171513
1.03064906293
1.22625656334
1.32825485591
1.00167039484
0.979695341468
0.94114967846
0.853882660392
1.09069238664
0.895886101071
1.3789465866
1.06017197587
1.27079407469
0.869496900512
1.00320925975
1.04364024937
0.949215501336
1.31460344559
1.19970989228
0.953398474122
1.32569414761
1.34334349583
1.20611787588
1.07606325293
0.937824161424
0.894996860913
0.85942266041
1.29976589613
1.04406796121
0.939506017919
1.02918432069
0.917576613637
1.19913842913
1.14411198631
1.26398769154
1.22185432974
0.845648904476
1.05262056795
1.24944851928
1.06822033443
1.06258302253
1.17353968683
1.19577831782
1.00984455049
0.948642347149
1.07924875244
0.999945913613
1.00323447932
1.1488769225
1.19107944857
0.997099662224
1.30070506568
1.15844467
1.09212524209
1.02256756505
0.976599595469
0.976599595469
1.31757934476
1.09190676412
1.09173968846
0.85276732732
0.914797804541
1.33070082851
0.883562630124
0.954037281891
0.917257460883
1.00904604867
0.936678454019
0.927717171168
0.848406171175
1.14454799611
1.12191716596
1.06714020223
1.08334467939
0.91625863614
1.30323084194
1.0707971332
0.925690825404
0.927769936499
1.00028216243
1.19733407489
1.20358923969
1.06321756265
1.24590611751
1.10495410308
1.05080792088
0.919016443183
1.106797744
1.18873250136
1.03210450087
1.21986823073
1.09730437847
1.03125929153
1.03941850942
1.2753044304
1.15106841316
1.11056056064
1.26689045354
0.898894798462
0.847171019971
0.876053716083
1.26106076321
1.04386396432
1.13900319751
1.03913995367
1.17575073253
1.36994208274
0.857269827753
1.02303731784
1.03684672965
1.2044708732
1.07342486228
0.893967027885
1.01045797349
1.01656341075
1.24995203314
1.12880695209
1.05905022007
1.15754962976
0.873717401388
0.997881799912
0.878828060886
1.20359674474
0.863561410424
1.0444305632
1.22842050578
0.925554571155
0.912736789222
0.894013780751
0.942416104407
0.882324583714
0.910374307172
0.865124256461
1.16630464915
0.863503681666
0.966797141011
0.845510298207
1.01933738083
0.969419584797
1.18056698649
1.06529765537
1.26801781316
1.28551699002
1.30682320615
0.90161309225
1.04488023732
1.03089645008
0.975312108582
1.14171744952
1.34985450178
1.1238075027
1.27401215481
1.00453440376
0.865160162601
0.971318179032
0.989181289092
0.973510183828
1.37831644129
1.18034084668
0.980798436703
0.930253915007
0.922116264958
1.16359060415
1.03026411386
0.880826502868
1.00113185932
0.973187510433
0.988540695183
1.24577826649
1.06621262919
1.00534933938
1.06796182315
0.874629133004
0.950568258542
1.18123393236
1.20533451213
0.888642997648
1.11352749681
1.03013152576
1.05377921127
1.10027070462
1.37381814076
1.27148842385
0.972780965145
1.02078981502
1.01465262427
1.25245567979
0.931531647115
1.1357796231
1.3446261951
1.30528718825
1.21273470578
0.975868101349
0.872099198264
1.2172969943
0.971464322253
0.873635033506
1.1816835956
1.35664610481
0.876001246292
1.03140068524
0.914336351048
1.12147811371
1.32958114925
0.860108000534
1.16634659837
0.967172862346
1.26935318468
1.05791426058
0.86626269662
0.922135754758
0.880716975293
0.852305970496
0.931146912895
1.0258453434
0.993186540655
0.885316449771
0.926174197549
1.03963260202
0.972239000436
0.920701341664
1.00086384086
1.37619756535
0.933266101968
1.02074720755
1.31224956552
0.877486032929
0.939566954246
1.21267370569
1.21267370569
1.13771310615
0.966146200847
1.20054583786
1.34461203394
1.07683388355
1.09047616626
1.04021230596
0.896367017063
1.191606574
0.886542217594
1.11508201452
1.19637480342
0.855297653831
0.867721907329
1.11101493287
0.95704162765
0.911275095914
1.3601197874
0.966606201218
1.05644442461
0.947553388618
1.0787066981
0.938333892651
1.10173394549
0.954008722244
0.869474033136
0.862632322033
1.05537273921
1.10024353474
1.2442274446
1.37123043541
1.24243609184
1.14711154274
1.14711154274
1.17939690857
1.19462705467
1.04093698424
1.34603159051
1.20072956842
1.00939270051
1.03492731034
0.951842493891
0.981618040638
1.21642470723
1.28724344252
1.15834042389
1.28409676557
1.17289841791
1.13055527833
1.18646058807
0.962700757653
1.31839066196
0.886613784435
1.14183494375
0.9697481784
1.05269148456
1.2543771291
1.12960052291
0.877783490646
0.850571530528
1.08952559046
0.979139007797
1.22830634592
0.944424343841
0.866930135965
0.977575627955
0.898778772998
0.980803849422
0.930986815493
0.99368021105
0.888662436434
1.3049992586
1.05598524049
1.36799458918
1.04670687515
1.02389052655
1.20588301545
1.32769550732
1.10845726371
1.06268123367
1.15206570903
1.18552578028
1.15232032477
1.20192225861
0.848693713116
0.852278621672
1.28357014477
1.06361038877
0.846311569384
0.944667348101
1.06764826754
1.16604741026
1.22041472664
0.902083991856
0.938073395551
1.14222074471
0.918585085315
0.983054589013
0.981334426073
1.12434184651
1.24911414282
1.23668005334
0.856445506291
1.08269511124
1.2355242744
1.04892034801
0.857725513762
1.03794946422
0.940564059729
1.23377740027
0.99061240971
1.04973632501
0.981088537228
0.869083334515
1.25946390922
1.08216864465
0.92661227384
1.27023438692
1.08364723155
1.30712856479
0.848101208077
1.02405934281
1.23979601044
0.921868159616
1.11578755295
0.933634809455
1.06575434219
1.14986161028
0.878538283513
1.02333473154
1.23530766146
1.28853808744
1.22152434077
0.91474356107
1.13438197301
0.977274069673
0.960758380913
0.982636152923
1.26649649431
0.953134448378
1.03056979091
1.04970183735
0.910826272144
1.14678908701
1.02126586623
1.22788000223
0.948523545941
1.12009353004
1.10407563454
1.00144068913
0.981316870424
1.23503510548
0.905308008406
1.15977585915
0.855420753372
1.35579132698
1.25956730732
1.00835851584
1.09378842783
1.35011641705
1.08848201047
0.97117809069
0.851900404556
1.13370873412
1.0556027758
1.3842957369
1.07670301366
1.00813122714
0.982783525368
1.18614174046
0.881129074424
0.980320514974
0.913526006126
0.876784471564
1.00256128734
1.3228626416
1.06551145098
0.920815906146
0.943589353644
1.01341011247
1.04907118951
1.16819956993
1.12281120242
1.10614770077
0.935138209735
1.17944096137
1.00561130225
1.30609718132
1.07044272107
1.23035199184
0.98351460371
1.05283415874
0.887712093715
1.09176042535
0.967973126413
0.92080249444
1.34225947923
0.878742804003
0.90385112896
1.09172519317
0.856163251476
1.07455287368
1.04423180956
1.35427598865
1.15646095372
0.918987244431
1.22881363555
0.961308634229
1.02287762736
1.24878696435
1.1476863956
1.1832864808
1.04900270489
1.02418241985
1.0625773952
0.992325801868
0.926299898307
0.989183265901
1.10576090783
0.898647577527
0.930867851962
1.00135418979
0.987761941392
0.908812406262
1.12760169812
0.921886406004
1.24573907599
1.20327591104
0.988505311891
1.21944989145
1.13626975041
0.856203280603
1.08568036921
0.940909343776
1.02293298906
1.12345252706
1.09804316227
1.03988333044
0.919140700617
1.23382980351
1.27854310328
0.931751321997
1.15802877242
1.13873578209
1.03752445533
0.896183883122
1.02971533492
1.24547436864
1.12986957256
1.03133266193
1.25125387394
1.20310861228
1.00426262648
1.24063041353
1.00176021992
0.916347365145
0.867533325708
0.874377298601
1.3249614594
1.32598681766
1.24775419981
0.914270412153
0.982941407777
1.04197115773
1.28820956948
0.932596829783
0.922179321597
1.05372235772
1.30527376676
0.968544719288
0.910294852376
0.859916994783
0.890597912052
1.19412044656
1.05275947614
1.13915575861
0.975449465792
1.0062612403
1.02592203743
1.35457932344
1.09563325124
1.0114026813
0.968006227414
0.894905302006
0.976857283738
0.998475246695
1.02281784826
1.17848517483
1.03354657567
1.05894004584
0.904590028842
1.20246396398
1.13365510909
1.07251513857
0.885289948138
1.01787182681
1.05746018747
0.846017495565
0.903811660073
1.14198314873
1.05760373074
0.858016523461
0.920274009556
1.2794422618
0.905128205993
1.29980443578
1.25628259709
1.31193528913
1.15019952887
0.923356622148
1.13976486115
1.25139620136
0.960601480104
1.17101618732
1.26828211529
1.16275689747
0.9033872827
1.38482065166
1.31288001463
0.971181871609
0.912743637461
1.16194759749
1.16308717431
0.940543386962
0.933778487858
1.32201007886
1.22602535757
0.93549002708
1.13583463992
0.86790569405
1.10979846368
1.13859028905
1.00104862368
0.949106382624
1.09370587847
1.10177335946
1.3707515601
1.07753472692
1.13768135889
0.989959373355
0.852695466583
1.27641953474
1.18390581667
1.08087215369
1.02232167946
1.32934905008
1.06032210572
0.894591736313
1.00783895995
1.32946411417
1.1705333927
1.07642148225
0.907477646737
1.06395905263
1.09436368032
1.26595879998
1.05281605953
0.958610477222
0.917493344338
1.30118636663
1.01524063544
1.28905996777
1.12389010178
0.949496458161
1.30897453644
1.20233784187
1.00833175385
1.3232282673
0.959657939439
1.09698659392
0.866164429811
0.955763012179
0.919173916299
1.1930766671
1.27122075626
1.07799824549
1.01378048468
0.983218685901
1.35678452965
1.01079356078
1.3814412951
1.01172143596
1.1189533993
0.880208955816
1.2314910095
1.06964694039
0.93687854171
1.26116257535
1.28518878226
0.926504827448
0.995918666728
0.911209654653
0.988660702686
1.01429319342
1.03818170366
0.969854442535
1.00927107819
0.927901771912
0.993588763589
1.04088150035
0.974235016505
0.953293556527
1.24233105992
1.14671460136
0.912281743942
0.942900828093
1.13994830102
0.974275514305
1.17692471069
1.03323625799
1.33629753394
0.976570553663
1.16417631097
1.28271507487
1.33524236627
1.22520508915
1.07930762916
0.933933546045
1.03346865177
1.36358793244
1.17978138974
1.09860187675
1.18683884447
1.37028195925
0.855715240348
0.899352037992
1.21698819913
0.86738162304
1.02529455479
0.988348194537
1.32685822681
1.37349237853
1.00420377353
0.933661771207
0.996688715433
1.02164494678
0.863630337928
0.973553302632
1.18338869439
1.0088515891
0.91615175029
1.06273250291
1.05019590169
0.851308501618
1.10465608969
1.13289493831
0.947243348123
1.21161769733
0.857159303099
1.1012263064
0.945849686376
1.17784469774
1.06491218626
0.882700061996
1.32952520525
1.19676111262
1.15431839356
1.3696838828
0.964871183199
1.18097058215
0.943385491868
0.915160462243
1.19764670699
1.19875640523
0.868538850717
1.06572178288
1.0139487507
0.941325079738
0.945027633248
0.968845112962
1.10450879094
0.860734824337
1.16491507396
1.0445239035
0.93950927271
0.874838293474
1.1129310256
1.3131823656
0.91405557445
1.19422881
0.959227020755
1.03173045429
0.867260835064
1.22350811172
1.08282351884
1.05898398933
0.979518456465
1.10336762687
1.21592065659
1.20275690357
1.05583672308
0.896752414146
1.24191350942
1.18811473254
1.29759813465
1.10776181778
1.19215493601
1.02343012601
1.17830115548
1.15481991312
0.912074683828
1.15808183623
1.15852862736
0.903881649816
1.054093457
0.939609270954
0.998118309886
1.20802168283
0.917114228511
1.077506377
1.23282485744
0.941800538441
1.20819334508
1.02085607778
1.32110238498
1.06230569554
1.31709500255
0.929199320486
1.10993368099
1.17709770723
1.13757836058
0.914505741243
1.02199482862
0.858800543869
1.01088630458
1.19297472154
0.912083171258
0.972913249892
1.06771160513
0.845614499467
1.16234264621
1.1331650707
0.892619107382
0.894060567165
0.867789159129
1.19683444854
1.04623130919
0.930938063755
0.897254814281
1.26134221219
1.08714411286
1.16901475036
1.22928215655
1.07329108842
1.06550599321
1.18383580239
1.19433741287
0.866307661637
1.02045126889
1.0882400741
1.22305646021
1.14966602371
1.15413615618
0.940566694091
0.905665179429
0.907213240656
0.996202356402
1.05697137913
1.17618187964
0.889991838526
1.25994221908
1.18099752161
0.873611956213
1.01895322631
1.25731775238
0.860709996833
1.08518721807
1.20171022967
1.37146012952
0.877462683495
0.942854709414
1.01309316025
1.18291229477
1.20776407056
0.853749295652
1.16733450681
1.2813728635
1.28446511447
1.19653792732
0.997855135031
0.956728818222
1.08890815451
1.03414795377
0.952036629343
1.24747722395
0.948131773728
0.869875351281
0.892571441975
1.34764846035
0.868280157288
1.1354411553
1.36764556742
1.19018564742
0.87735654826
0.989391318002
0.932752503723
1.03242794915
0.89182019245
0.888738168974
1.31329040371
1.15221028079
1.33540077024
0.942206460732
1.08378367116
1.08449320057
1.30087868397
1.21108481004
0.874418600785
0.97287345544
1.01662918097
0.992604771925
0.953034412717
0.897993572271
1.22993405763
1.1116251389
0.897219979777
0.905482021657
1.25540038653
1.25540038653
1.34930382693
1.3795780047
0.970452785076
1.05835792748
1.10938358468
1.14352847301
1.35178526422
1.27858010866
1.21540039205
0.850844394271
1.15342881525
1.13979366446
1.03405910847
0.944101557996
0.985908322501
0.957166372076
0.906031721577
1.0928394573
0.949688715159
1.11338286387
1.19745443487
1.23763539737
1.07310365571
0.977430771353
1.34694792351
0.845521328484
0.984732020471
1.24497745425
1.33959639734
0.946057527304
1.20389766211
1.05250544708
1.22754021961
0.990140943509
0.887378481635
1.32070935987
1.21414934174
1.06506862185
0.850220030802
1.00764910434
0.846350152229
0.857032146685
0.98344872297
0.941948215178
0.873988522382
1.33520941133
0.854077515557
1.35650448352
1.17192546835
1.10227852772
0.85768886392
1.04138586702
1.0291573595
0.978326729072
0.943395385058
1.14447417232
0.900350853028
1.20831661975
0.850745951955
1.03992226477
0.953620161049
0.996747146372
1.00165899868
0.905698302754
1.21900039228
0.970482109572
1.18659934925
0.859677000164
0.853575829242
1.32064181369
0.950486646111
1.03009501291
1.13619977517
0.951680909279
0.905878259586
0.89051329933
0.949021267879
1.05870855143
1.14507744538
1.02331031198
1.23647927112
1.29100773397
1.21401320948
1.10046716541
0.948848784475
1.0652482682
0.967717531808
1.06044993867
1.2086524492
1.0855790921
1.2117703658
1.16715825968
0.978610394018
1.19472348776
1.23571975502
1.36480752186
0.867280277892
1.06014112077
1.01858962467
0.856478710086
1.09333993324
1.20634147367
1.01720934228
0.875962976873
1.02404256471
1.11409532574
1.10998139857
0.894186194022
1.19994421423
0.913565719924
0.983547012242
1.21316935091
1.11834496165
0.914865330255
0.846814001437
0.949184677255
0.888001502353
1.29474335635
1.03710691555
1.09327637993
1.37817203736
0.90522740325
1.04805423299
0.925538552941
0.975213534506
0.996401380989
0.864994260781
1.05910990201
1.33084357346
1.14217618509
0.950599932283
0.965019822
1.04114195509
0.929702947401
0.869574767695
1.00635343291
0.916600834967
0.937993582169
0.913774374237
0.946123088195
1.05626982178
0.912329217581
1.16074464511
1.33820436398
1.15754886375
0.92805442214
1.36877244226
1.22852219994
1.03744331278
1.05008706221
1.07495967955
1.15831038261
1.16372602446
0.995384081096
1.24058511511
1.24058511511
0.96335250344
1.09055278299
1.12779200005
1.07370519124
0.962073559954
0.995217535517
1.23504748772
0.939259770766
1.2800004823
0.896823705714
1.08889701365
0.983780363099
1.26541411599
1.00576257106
0.891476769266
1.04703696724
0.926386505858
0.98645823789
1.03042671535
0.934297270483
0.897387435242
0.946987491942
1.19230373917
1.01201052673
1.25534291306
0.983104853647
1.18917098445
1.32047101284
1.30986466868
0.846195695778
1.04381521229
1.14327158103
1.05296306333
0.8785281389
0.964134550722
0.957623642576
1.11603901704
1.35585374761
1.35585374761
1.00468686783
1.1758977646
1.0092403975
1.1632764826
1.09265367223
1.16753396544
0.850892062094
1.2252683172
1.11752396077
0.993167984999
0.997980991943
1.09810625512
1.03797640707
1.12251495925
1.33460907618
1.08556074423
1.27664321532
1.2126062873
1.2044382695
0.965287311621
1.086203861
0.862975322309
0.917600647622
1.33230414858
1.16428572716
0.908998543578
0.964316021577
0.845477273076
1.23427646224
0.888595279905
0.885162542278
1.03611134956
0.905838085097
1.11065933766
0.994942518774
0.976779390109
1.23865465328
0.92619308856
0.874945552627
1.25073749071
0.90118460444
0.882409750369
1.24591617088
0.93333509949
1.06625711483
1.07992429297
0.889628562725
0.99717748972
0.906333693834
0.877014110596
1.05165307847
1.18122745219
1.04201960616
1.10828577556
1.1673745692
1.03607640946
1.17172838331
0.908337817425
1.21983125678
1.2338247536
0.871258483857
1.37504372027
1.18050653591
0.928060008005
1.38190594302
1.05199254829
1.0322376164
0.896471737971
0.9287579858
1.29072978553
1.32427749817
1.09779961793
0.953404083894
0.975153266136
0.889153156929
1.21776779158
1.34779764959
1.29200413191
1.01022404192
0.847639638397
0.959722011273
0.97039466499
0.887104333235
0.993529294316
1.15358369795
0.885914070927
1.15975405875
1.19198080402
1.27253701763
1.10778813211
1.29404649218
1.17890738789
1.1628061969
1.02242585723
1.20461859909
0.854999410542
1.16337695183
0.995530376292
1.21003572231
1.06148388142
1.04191355888
1.2037486216
1.0618174756
0.89807503388
1.28245373994
1.25223629258
1.1472565567
0.872107446475
1.34657841398
1.14131843023
1.1516492022
1.10365845159
1.00992419969
0.845661787235
0.853828948765
1.32715861255
0.895809095167
0.912322818364
0.946931761827
1.00949038772
0.906152428126
1.01765316379
0.994990539091
0.937531528256
1.06280106362
1.18064809655
0.891595509449
1.14795914163
1.27686793882
1.11071314634
1.05782657014
1.17758772514
0.984562500499
1.19392585458
1.37492709589
1.16956530481
0.919918907839
0.9639644732
0.939732100179
0.878114683506
1.37963144963
1.08093967387
0.874417812047
0.885900080834
1.14145674797
0.935144224488
0.877179996605
0.888106783067
0.857533762043
1.29009461315
1.12312175924
0.886559054646
1.0533484119
0.891996301996
1.02617136413
0.938701014387
1.10423269622
0.867236420933
1.02780870444
0.994868128987
0.880820206602
1.11041427883
1.10968126361
1.31883365402
1.19551879258
0.916625343665
0.948806034991
0.858868753165
1.05820610836
0.991076045042
1.08968043926
1.19508194987
1.32970703246
1.12998548419
1.0312177696
1.11442848794
1.20732605853
1.05998776128
1.01524414176
1.12174011154
1.22990866284
0.940840080562
0.88946062911
0.968084445533
1.37686533334
0.908904991374
0.923150133452
0.977783680736
0.961308564556
1.03879889854
1.12339327037
1.12648569026
1.29029378383
1.02182502762
1.11986409565
1.2989191214
0.951243312219
0.972481029729
1.11050285016
1.10045000005
0.865637756241
0.886335460138
1.1963763976
1.00490356227
1.36548853467
1.16084072632
0.92509318465
0.948028868501
0.996342877292
1.06708356662
0.977089063058
1.33278984673
1.17870314047
1.11824483633
0.943925643898
0.975082677659
1.24128572765
0.996851665612
1.03724141908
1.13283502908
1.22839733777
1.16022594685
0.893411273211
0.905330109274
0.920057840639
1.03721980223
0.98108361655
1.34149111484
1.14540348586
1.14540348586
0.912758353579
1.15199163499
1.32154546326
1.34918883577
0.858582653618
1.13511554853
0.98188777513
1.16504488544
1.32552519127
1.2654768224
1.21786861297
1.05076191868
0.936175982127
1.08948674378
0.891735176359
1.0974718745
1.09787658914
1.20791463208
1.1227969822
1.31562496585
1.1194163557
0.995548492084
0.85757789446
1.00556902059
0.909576930393
1.02546494326
0.932293520312
1.37578637994
1.06614150184
1.16731926432
0.885433290389
0.9077780963
1.05562041512
1.13809610676
1.00560589909
0.905750112332
1.0213818282
0.923475753784
1.03670939523
1.29430161067
1.27155396434
1.0259633975
1.02596717843
0.857646542454
1.08615945748
1.01816984985
1.27169693738
0.910846428163
1.09554581016
0.916818268706
0.971504423891
1.2847315967
0.896751340949
1.27004004708
1.00695032599
1.12141402427
1.29638968684
0.910745183165
1.1611489386
1.1611489386
1.28734564828
1.17400454854
1.04992743531
0.976142117051
0.957153139846
1.26996265179
1.29109677606
1.30548752167
0.938776113262
1.09644912028
0.857643574823
1.22483972389
0.916638394699
0.890168970353
1.15650898943
1.0358918805
1.1222591886
1.01969754181
1.02611284014
0.866119536865
1.26546603239
0.973602825416
1.27524738367
1.31134375954
0.99357296184
1.07672776831
0.966039764501
1.17364482896
1.12404860464
1.11259958867
0.988879817022
1.06196542333
0.872174056592
1.21236177595
1.20220912724
0.922725712798
1.25839860157
0.917559642754
0.851922577605
1.22854605827
0.919336128237
1.02942625018
0.93994250747
1.00027471664
1.36419477364
1.36419477364
1.1197928967
1.04774322691
1.04700552091
0.942305904691
1.3693117744
0.965555822091
1.02603264084
1.0416196192
1.06279361436
0.878318685047
0.947507495843
1.14809437024
0.874719331847
1.0853797881
0.986856341863
1.00607748502
1.02601697406
0.991683001798
1.025457239
1.00530669285
1.03777399126
1.08832801312
0.901515872874
1.10451616845
1.27459252027
1.20757367854
1.2233704146
1.36267057495
1.26230395408
1.07647701258
1.23262803562
0.86893373127
0.931110391552
0.916163035755
0.995711805909
1.38356608523
0.940310150124
1.37799205967
1.1770998787
1.05447440876
1.05426898501
1.34147741974
0.853677192119
1.13312756888
1.05625615157
1.31183662301
1.22879431626
1.00645004981
1.07224319883
0.948352429903
0.865905583321
0.950672877778
1.05646454957
0.974405479561
1.38094811396
1.10054669442
0.890350500206
1.0531726259
0.943705050169
1.09662433328
0.929387741792
0.988423344874
1.00566134797
1.05208207741
1.0384882362
0.949269932081
1.12872528601
1.02712260365
0.993282583277
0.867530512671
1.2578331601
1.07001956943
1.04111823269
1.0288187611
0.964585253232
1.11217275284
1.35531431853
0.904759819428
0.915897287815
1.09872640337
1.03437844742
1.0686106258
1.07817524447
0.962246292051
1.00832707974
1.06436470993
0.967568174201
0.999931642678
1.11272947289
1.10777417107
0.916606305811
1.09476222415
1.10032093425
1.04672350896
0.929819344063
0.877499288164
1.06013307127
0.892147419271
1.08067427944
1.38308897073
0.985206834428
1.00483243707
0.918483081902
0.895206782973
1.35032721762
0.898571885569
1.19868472768
0.950304122498
0.974232308112
1.12275189261
0.936204687533
0.936839283709
0.999452864125
0.925731692492
1.31622369796
1.0665189695
1.2905602456
1.23016813523
1.03855803237
1.22257772205
1.02291531632
1.21696478987
1.06165460086
1.12243271277
1.2728155277
0.888863508483
0.970248370049
0.862195391674
0.981214984268
0.864933912715
1.02805323692
1.0601856004
0.865246953476
1.14913574844
1.15633351464
1.04251403928
0.950529536675
0.862457376617
0.991134446714
1.11758602812
1.04007612663
0.92872496222
0.949842518211
0.923749177453
0.92621084197
1.21249785985
0.964648177626
0.953461671655
0.962258629979
1.36626923297
1.02626510394
1.13031797813
1.20196327189
0.935608900686
1.00055279733
1.26803015452
1.1910026096
1.34808876058
1.18554520648
1.13264113674
0.866772369435
1.02226287512
0.932683877626
1.15273107378
0.873566755237
1.26869050903
1.19397935799
1.10780828269
1.31177217655
1.35580593121
1.20259985362
0.901396537116
1.00988206327
1.05603515066
1.15500730347
1.32639107066
1.16363330436
1.08968005628
1.26574905714
1.05344321577
0.974728560593
1.15711998916
0.907555565065
1.20285549337
1.02875524116
0.936443435153
1.16532866859
0.98325245293
0.946103481536
1.22243702341
0.948641627883
1.08320036497
1.26323845315
1.28280535967
0.879144219025
1.21228150625
1.24775451001
0.938752646713
1.21564644915
1.3675279652
0.960923116323
1.01693867326
1.23342299479
1.03902553795
1.11457147967
1.30037165721
1.23891790975
1.05442793791
1.07101256503
1.27451833408
0.973593314256
1.25781125095
0.966461674939
1.05159903392
1.29080760084
1.09450274957
1.15258678711
1.10642076521
1.1380361221
1.33356352193
1.20471842413
0.857729244546
0.850053928173
1.20115604672
1.19608339813
0.961898645525
1.00754579129
1.04587109648
1.33283527492
1.34181684261
0.931183160204
1.35422236089
1.0936711335
1.08263611476
1.06413632403
0.856066425222
1.00547480902
1.10839429808
1.17201321171
1.21099664232
1.25580635375
0.878451108737
1.05817678142
0.894132011285
1.13067991534
1.01564598861
1.17929663209
1.0337956098
1.00503040453
1.29627159674
1.3670810122
1.13472113471
0.942422632823
1.31057396147
0.947686110623
1.20319476311
1.15609807373
1.11985629331
1.13991857868
0.87314761152
0.952526507032
0.978410558979
1.05757929164
1.07576748489
0.953611759141
1.26450207178
1.17643824461
1.18793659052
0.854421561021
1.2588146464
1.11888843341
1.32876635389
1.19626940638
0.89737879294
1.27794104734
1.0608531775
