1.02173130282
1.18429520415
1.03777664466
1.11540875577
0.860464274291
0.932398260016
1.15805325709
1.02002060957
1.24563873338
0.974609623081
1.11168850969
1.28835563518
0.914241142938
1.31129504698
1.24282016878
0.88218787583
0.897808274112
0.866812440659
0.891169063173
0.977345622803
1.12904952547
1.21691077165
0.930553770138
0.873709566427
0.941046341565
0.941046341565
1.06315830906
1.05826819539
1.38494640218
0.942020906075
0.961774821242
1.03322591749
1.23733005509
0.877572664869
1.02919593987
0.846226072164
1.16447561652
1.06218683369
1.24601721149
1.26029033334
1.16046213954
0.96022226675
1.07195346024
1.01616461002
1.05774403872
1.10819682768
1.07248712816
1.05800652569
0.951440026411
1.31383904431
1.14986584043
1.15242741327
1.02506346693
1.11007682343
1.20027892132
1.30333393233
0.979282516083
1.00507805851
1.17554553887
1.22181046098
1.22792652563
1.14365373068
1.03649169172
1.22071344217
1.03019120364
1.04739972234
1.16265787505
1.33171793817
0.929539061632
1.32610602467
1.26678468554
1.11116973238
1.12253231715
0.983190597063
1.04815814983
1.31352575893
1.24344551092
1.33481717845
1.27694552797
0.911878562765
0.939802625313
0.865590157311
1.31892042418
1.04847966344
1.3196434552
0.981706612777
1.08303840462
0.892185139718
1.08897946758
0.991469813156
1.31791161471
1.04110045192
1.17396598921
0.993315741473
1.00196775258
0.900144961043
1.0646436573
1.33603792337
0.92766197901
0.90729783443
1.22107981152
0.911119437991
1.22296468906
1.30545219688
1.01656261463
0.958366536133
1.24721449066
0.941702246669
1.04793391792
0.978184498371
0.983158391634
0.938736497342
1.02892604049
1.19893592697
0.994481509275
1.22625656334
1.00167039484
1.06017197587
1.27079407469
0.87157124216
1.25345657233
1.31460344559
1.20611787588
1.02918432069
1.19577831782
1.1488769225
0.976599595469
0.976599595469
1.09173968846
1.33070082851
0.927717171168
1.0707971332
0.925690825404
1.00028216243
1.20358923969
1.06321756265
1.03210450087
1.03125929153
1.05108853207
1.266576651
1.11056056064
1.04386396432
1.13900319751
1.02303731784
1.03684672965
1.05905022007
0.873826041472
0.942416104407
1.16630464915
0.845510298207
1.2997286468
1.06529765537
1.26801781316
1.05718818864
1.30682320615
0.975312108582
1.14171744952
1.34985450178
0.865160162601
1.37831644129
1.23195579514
1.03911936849
0.922116264958
0.973187510433
1.24577826649
1.00534933938
0.950568258542
1.20533451213
1.2492206287
1.1357796231
1.30528718825
1.21273470578
1.26935318468
0.852711806038
0.885316449771
1.37619756535
1.02074720755
0.877486032929
1.04078193708
1.04021230596
1.191606574
1.11101493287
0.911275095914
1.03088873177
0.947553388618
1.10173394549
0.954008722244
1.05537273921
1.14711154274
1.14711154274
1.17939690857
1.34603159051
1.21642470723
1.13055527833
0.9697481784
1.2543771291
1.12960052291
0.979139007797
0.977575627955
0.898778772998
1.37696974989
1.20588301545
1.18552578028
0.848693713116
0.852278621672
1.28357014477
1.06902672163
0.983054589013
1.24911414282
1.04892034801
1.21654283358
1.23377740027
1.08216864465
0.92661227384
1.08364723155
1.061730032
0.933634809455
1.14986161028
1.23530766146
0.967475920653
0.960758380913
0.948523545941
1.09585976605
1.35579132698
1.35011641705
1.08848201047
0.851900404556
1.13370873412
1.0556027758
1.07670301366
1.06825753537
0.921447531209
1.3228626416
1.06551145098
0.943589353644
1.10614770077
0.887712093715
0.967973126413
1.34225947923
1.24878696435
1.13586250994
1.02418241985
0.989183265901
1.25449262677
0.988505311891
1.23382980351
1.15802877242
1.25417613495
1.12165531578
0.984997559236
1.12986957256
1.25125387394
1.00176021992
1.00812339977
0.914270412153
0.982941407777
1.28820956948
0.908399835131
0.975449465792
1.02592203743
1.0114026813
0.998475246695
1.17848517483
0.903811660073
1.14198314873
1.05760373074
0.941815344132
1.25628259709
1.25139620136
1.26828211529
1.13859028905
1.3707515601
1.27641953474
1.32934905008
1.16510671526
1.18902675113
0.894591736313
1.1705333927
1.07642148225
1.30439826847
1.26595879998
1.30118636663
1.28905996777
0.949496458161
1.30897453644
1.00833175385
0.955763012179
1.27122075626
1.3814412951
1.2314910095
0.873651013853
0.974897969636
0.926504827448
1.04088150035
0.974235016505
1.14671460136
0.912281743942
1.13994830102
0.974275514305
0.95442365918
1.05011067868
0.976570553663
1.03346865177
1.18683884447
1.07943152629
0.899352037992
0.994236377642
1.32685822681
0.983502405084
1.00420377353
0.851308501618
1.10465608969
0.857159303099
0.945849686376
1.0570052931
1.15431839356
1.18097058215
0.915160462243
1.19764670699
1.19875640523
1.28788846132
0.93950927271
0.999788010474
1.11627696179
1.19422881
0.979518456465
1.10336762687
1.21592065659
1.20275690357
1.05583672308
1.24191350942
1.02343012601
1.17830115548
1.1331650707
0.894060567165
1.04623130919
0.897254814281
1.26134221219
0.942747372558
1.17966918737
1.06550599321
1.02045126889
1.25994221908
1.25731775238
1.37146012952
0.877462683495
0.942854709414
1.18291229477
1.2813728635
1.19653792732
0.997855135031
1.24747722395
1.18991862502
0.932752503723
0.89182019245
1.31329040371
1.21108481004
1.1116251389
1.34930382693
1.23763539737
0.95947941552
1.24497745425
1.22754021961
1.13293775226
0.990140943509
0.846350152229
0.98344872297
0.873988522382
1.33520941133
1.35650448352
1.04138586702
0.978326729072
0.943395385058
0.900350853028
1.20831661975
1.03992226477
0.979349551817
1.00165899868
0.905878259586
1.02331031198
1.28660488703
0.871201462706
0.967717531808
1.2117703658
1.16715825968
0.978610394018
1.23571975502
1.01720934228
1.02404256471
1.10998139857
0.983547012242
1.10754684306
0.949184677255
1.35934283014
0.904481681048
0.996401380989
0.969259480409
1.08655388446
1.00635343291
0.937993582169
1.16074464511
0.965400557639
1.22852219994
1.07370519124
1.23504748772
1.08889701365
0.98645823789
0.934297270483
0.897387435242
1.25534291306
0.983104853647
1.32047101284
1.14327158103
0.957623642576
1.16753396544
1.26482880872
0.997980991943
0.965287311621
0.845477273076
1.23427646224
1.38222429156
1.11065933766
1.07992429297
1.18510438457
1.18122745219
1.1673745692
1.03607640946
1.03605903709
0.995909977279
1.29072978553
1.27253701763
1.29404649218
0.854999410542
0.98065645216
1.01920815173
1.0618174756
1.1472565567
1.09204935497
0.912322818364
1.06280106362
0.888106783067
0.857533762043
1.29009461315
1.12312175924
1.0533484119
1.02617136413
1.18980756779
1.3132043733
1.10423269622
1.02780870444
1.11041427883
0.916625343665
1.05820610836
1.32970703246
1.05998776128
1.12174011154
0.940840080562
0.968084445533
0.908904991374
0.923150133452
1.03879889854
1.11050285016
1.16084072632
0.996342877292
1.33278984673
1.13283502908
1.34149111484
1.18459504902
1.32154546326
1.13511554853
1.16504488544
1.21786861297
1.05076191868
1.31562496585
1.00614175757
1.05562041512
1.00560589909
1.0213818282
1.08615945748
0.929453207364
1.29638968684
0.957153139846
1.26996265179
1.29109677606
1.09635680048
0.938776113262
0.916638394699
1.15650898943
0.973602825416
1.27524738367
1.31134375954
1.17364482896
0.988879817022
0.872174056592
1.21236177595
0.922725712798
0.919336128237
1.04700552091
1.3693117744
1.0416196192
0.947507495843
0.986856341863
1.00607748502
1.02601697406
0.991683001798
1.03777399126
1.27459252027
1.05225502428
1.2233704146
1.36267057495
0.916163035755
0.995711805909
0.940310150124
1.1770998787
1.05447440876
1.13312756888
1.1098321269
1.00645004981
0.948352429903
0.865905583321
1.38094811396
1.0531726259
0.943705050169
1.12872528601
1.02712260365
0.993282583277
1.0288187611
0.964585253232
0.904759819428
0.855786085984
1.0686106258
1.06436470993
0.999931642678
0.916606305811
1.09476222415
1.10032093425
1.04672350896
1.05200857606
1.00483243707
0.950304122498
0.936839283709
0.999452864125
0.925731692492
1.2905602456
1.22257772205
1.06165460086
1.2728155277
1.36949115267
0.970248370049
1.01988102788
0.950529536675
0.930823552973
0.991134446714
1.02626510394
1.26803015452
1.15273107378
1.19397935799
1.31177217655
1.20259985362
1.00988206327
0.898412158874
1.05603515066
1.32639107066
1.16363330436
1.08968005628
1.26574905714
1.05344321577
1.15711998916
0.963992363775
1.16532866859
0.98325245293
0.948641627883
1.08320036497
1.26323845315
1.21228150625
1.37011511464
1.25781125095
0.966461674939
1.05159903392
1.15258678711
1.1380361221
1.20115604672
1.19608339813
1.27552617032
1.34181684261
1.06413632403
0.856066425222
1.00503040453
1.3670810122
1.13991857868
1.26450207178
1.17643824461
1.18793659052
0.854421561021
1.19626940638
0.89737879294
