# Angle (rad.)     Efficiency
0.015609 0.143118
0.0470269 0.147383
0.0784448 0.14907
0.109863 0.123415
0.141281 0.0899595
0.172699 0.074296
0.204117 0.0547326
0.235534 0.0306963
0.266952 0.00600072
0.29837 0.00010439
0.329788 6.59577e-05
0.361206 0
0.392624 0
0.424042 0
0.45546 0
0.486878 0
0.518296 0
0.549714 0
0.581132 0
0.61255 0
0.643967 0
0.675385 0
0.706803 0
0.738221 0
0.769639 0
0.801057 0
0.832475 0
0.863893 0
0.895311 0
0.926729 0
0.958147 0
0.989565 0
1.02098 0
1.0524 0
1.08382 0
1.11524 0
1.14665 0
1.17807 0
1.20949 0
1.24091 0
1.27233 0
1.30374 0
1.33516 0
1.36658 0
1.398 0
1.42942 0
1.46083 0
1.49225 0
1.52367 0
1.55509 0
1.58651 0
1.61792 0
1.64934 0
1.68076 0
1.71218 0
1.74359 0
1.77501 0
1.80643 0
1.83785 0
1.86927 0
1.90068 0
1.9321 0
1.96352 0
1.99494 0
2.02636 0
2.05777 0
2.08919 0
2.12061 0
2.15203 0
2.18345 0
2.21486 0
2.24628 0
2.2777 0
2.30912 5.95306e-05
2.34054 8.93779e-05
2.37195 0
2.40337 0
2.43479 0
2.46621 8.87614e-05
2.49763 0.000180872
2.52904 0.000274153
2.56046 0.000383515
2.59188 0.00126027
2.6233 0.0158295
2.65471 0.0864155
2.68613 0.125806
2.71755 0.143156
2.74897 0.157316
2.78039 0.158825
2.8118 0.160043
2.84322 0.152203
2.87464 0.156823
2.90606 0.163802
2.93748 0.160241
2.96889 0.162935
3.00031 0.157512
3.03173 0.162294
3.06315 0.165025
3.09457 0.13064
3.12598 0.147934
